2015-05-11 5550 5595 5523 5580 831570
2015-05-12 5580 5596 5520 5551 694904
2015-05-13 5555 5592 5539 5584 721296
2015-05-14 5582 5626 5526 5558 1056932
2015-05-15 5562 5568 5482 5540 1203740
2015-05-18 5544 5562 5521 5561 581080
2015-05-19 5561 5586 5527 5553 715120
2015-05-20 5551 5552 5423 5426 1497124
2015-05-21 5438 5476 5418 5470 839586
2015-05-22 5465 5504 5452 5501 725944
2015-05-25 5492 5496 5435 5455 619148
2015-05-26 5445 5654 5445 5474 1649618
2015-05-27 5470 5510 5353 5495 646820
2015-05-28 5475 5548 5471 5509 809752
2015-05-29 5506 5553 5480 5537 644832
2015-06-01 5547 5566 5525 5539 495142
2015-06-02 5535 5610 5534 5608 612476
2015-06-03 5620 5646 5582 5589 603294
2015-06-04 5589 5636 5567 5617 666890
2015-06-05 5629 5645 5568 5576 514494
2015-06-08 5571 5589 5560 5576 301206
2015-06-09 5588 5611 5550 5564 323588
2015-06-10 5570 5586 5535 5569 296454
2015-06-11 5574 5582 5545 5545 345072
2015-06-12 5541 5550 5481 5496 615792
2015-06-15 5508 5508 5383 5385 694984
2015-06-16 5374 5424 5301 5325 737448
2015-06-17 5335 5337 5233 5297 933620
2015-06-18 5299 5360 5284 5317 713378
2015-06-19 5316 5320 5237 5269 641982
2015-06-23 5297 5353 5295 5333 275128
2015-06-24 5588 5600 5540 5593 399610
2015-06-25 5605 5639 5585 5586 474200
2015-06-26 5583 5614 5545 5588 549348
2015-06-29 5605 5699 5581 5686 783738
2015-06-30 5684 5697 5612 5663 779280
2015-07-01 5675 5721 5660 5693 675328
2015-07-02 0 0 5623 5627 556822
2015-07-03 5634 5665 5588 5599 665494
2015-07-06 5601 5652 5557 5609 747108
2015-07-07 5618 5691 5584 5622 890814
2015-07-08 5615 5615 5410 5410 718748
2015-07-09 5200 5555 5093 5424 1539722
2015-07-10 5435 5513 5413 5435 1099492
2015-07-13 5450 5475 5405 5442 633406
2015-07-14 5444 5486 5425 5437 611554
2015-07-15 5452 5472 5398 5417 547276
2015-07-16 5394 5401 5311 5325 793328
2015-07-17 5304 5386 5245 5357 987506
2015-07-20 5356 5400 5344 5384 835650
2015-07-21 5361 5388 5320 5355 773988
2015-07-22 5360 5378 5324 5334 552394
2015-07-23 5326 5338 5225 5227 1027278
2015-07-24 5220 5257 5211 5234 718412
2015-07-27 5221 5236 5133 5164 854874
2015-07-28 5160 5210 5146 5184 685500
2015-07-29 5190 5240 5185 5223 609366
2015-07-30 5235 5342 5220 5334 1080878
2015-07-31 5336 5346 5305 5319 774346
2015-08-03 5323 5338 5208 5212 749422
2015-08-04 5193 5256 5170 5244 730108
2015-08-05 5239 5275 5217 5259 668350
2015-08-06 5261 5267 5130 5133 789296
2015-08-07 5125 5147 4988 5079 1723406
2015-08-10 5056 5080 4995 5034 1322688
2015-08-11 5024 5195 5021 5153 1383092
2015-08-12 5138 5174 5110 5168 848072
2015-08-13 5170 5348 5135 5343 1672374
2015-08-14 5326 5343 5285 5314 1273720
2015-08-17 5317 5399 5310 5392 1302828
2015-08-18 5400 5406 5348 5354 1133140
2015-08-19 5351 5378 5266 5361 1712240
2015-08-20 5350 5386 5292 5314 1444220
2015-08-21 5319 5334 5283 5318 1189982
2015-08-24 5307 5307 5095 5095 1869406
2015-08-25 5078 5168 5043 5129 1730820
2015-08-26 5153 5226 5136 5137 1343182
2015-08-27 5135 5217 5101 5199 1223014
2015-08-28 5228 5366 5208 5289 1676756
2015-08-31 5290 5293 5215 5243 1181388
2015-09-01 5222 5242 5150 5152 1254194
2015-09-02 5189 5224 5139 5182 1293444
