2015-01-05 4580 4580 4525 4552 516190
2015-01-06 4531 4616 4531 4586 632142
2015-01-07 4587 4694 4586 4660 1183202
2015-01-08 4660 4686 4657 4673 850562
2015-01-09 4659 4709 4656 4676 900240
2015-01-12 4676 4771 4667 4756 960484
2015-01-13 4750 4756 4706 4725 681012
2015-01-14 4729 4762 4662 4710 1078952
2015-01-15 4740 4745 4685 4702 766794
2015-01-16 4732 4758 4701 4718 1004412
2015-01-19 4708 4833 4698 4809 1516952
2015-01-20 4806 4824 4790 4806 651474
2015-01-21 4822 4999 4811 4958 1879408
2015-01-22 4966 5005 4944 4986 1098298
2015-01-23 4979 5042 4961 5039 1952982
2015-01-26 5026 5049 4955 5005 1608128
2015-01-27 5017 5134 5002 5082 1893456
2015-01-28 5059 5064 4951 4980 1840252
2015-01-29 4988 5015 4964 4982 1098980
2015-01-30 4968 4976 4898 4907 1400906
2015-02-02 4907 5030 4880 5017 1460318
2015-02-03 5020 5041 4926 5003 1652622
2015-02-04 5024 5057 4998 4999 1637364
2015-02-05 5022 5037 4966 4974 1335202
2015-02-06 4986 5025 4950 5007 1501108
2015-02-09 4991 5034 4967 5010 1403386
2015-02-10 5020 5112 5006 5088 1711694
2015-02-11 5084 5114 5070 5107 1239574
2015-02-12 5100 5138 5080 5124 1791832
2015-02-13 5124 5148 5089 5121 1534576
2015-02-16 5163 5203 5138 5172 324954
2015-02-17 5172 5194 5143 5190 156396
2015-02-25 5065 5085 4990 5004 480418
2015-02-26 5065 5072 5006 5041 427900
2015-02-27 5050 5155 5042 5113 607690
2015-03-02 5110 5219 5102 5209 682424
2015-03-03 5214 5223 5164 5178 544544
2015-03-04 5171 5208 5142 5153 526764
2015-03-05 5149 5165 5080 5097 558088
2015-03-06 5106 5166 5089 5094 667438
2015-03-09 5102 5110 4918 4926 1592968
2015-03-10 4920 4990 4920 4950 893046
2015-03-11 4926 4994 4912 4955 1147178
2015-03-12 4956 5052 4956 5050 833634
2015-03-13 5051 5085 5029 5080 1011052
2015-03-16 5051 5090 5020 5066 1168844
2015-03-17 5075 5094 5055 5070 734254
2015-03-18 5065 5083 4993 5012 1018006
2015-03-19 5018 5026 4966 5006 922338
2015-03-20 4984 5013 4956 4998 1021586
2015-03-23 4978 5090 4976 5074 1016606
2015-03-24 5071 5254 5070 5254 1624458
2015-03-25 5280 5285 5184 5224 1423280
2015-03-26 5236 5253 5192 5246 1093244
2015-03-27 5240 5326 5190 5307 1480670
2015-03-30 5313 5411 5297 5380 1925636
2015-03-31 5380 5406 5323 5363 1274102
2015-04-01 5360 5433 5338 5414 1416876
2015-04-02 5428 5438 5394 5422 987404
2015-04-03 5433 5445 5321 5387 1564406
2015-04-07 5366 5398 5341 5362 469586
2015-04-08 5353 5429 5313 5412 1372684
2015-04-09 5414 5452 5367 5410 1247136
2015-04-10 5395 5464 5360 5446 1340334
2015-04-13 5448 5557 5411 5529 1591312
2015-04-14 5518 5560 5509 5542 1136662
2015-04-15 5530 5568 5515 5535 1129204
2015-04-16 5526 5548 5484 5516 1368658
2015-04-17 5530 5633 5502 5609 1750102
2015-04-20 5589 5644 5585 5613 1111344
2015-04-21 5595 5624 5573 5606 985346
2015-04-22 5608 5672 5578 5645 1317862
2015-04-23 5642 5681 5441 5549 2597996
2015-04-24 5566 5608 5548 5600 1294940
2015-04-27 5611 5622 5556 5587 1007782
2015-04-28 5596 5607 5533 5567 1140022
2015-04-29 5573 5607 5555 5569 1052450
2015-04-30 5561 5589 5524 5540 1016966
2015-05-04 5534 5553 5503 5522 477620
2015-05-05 5519 5599 5505 5589 1136358
2015-05-06 5602 5661 5592 5620 958946
