2016-05-10 5555 5593 5535 5584 904290
2016-05-09 5595 5607 5542 5561 717704
2016-05-06 5657 5667 5556 5588 947732
2016-05-05 5641 5655 5622 5644 766260
2016-05-04 5569 5647 5555 5637 1160782
2016-05-03 5398 5438 5394 5430 432
2016-04-29 5530 5552 5491 5503 861382
2016-04-28 5613 5619 5523 5527 840838
2016-04-27 5625 5632 5604 5615 562438
2016-04-26 5604 5631 5589 5622 727424
2016-04-25 5598 5646 5573 5592 953158
2016-04-22 5723 5743 5497 5573 2004002
2016-04-21 5701 5775 5683 5716 2406604
2016-04-20 5679 5710 5656 5695 1634604
2016-04-19 5695 5720 5659 5676 1230276
2016-04-18 5625 5725 5609 5691 1780296
2016-04-15 5625 5674 5575 5615 1360326
2016-04-14 5574 5624 5563 5621 861088
2016-04-13 5562 5627 5562 5575 1248080
2016-04-12 5555 5584 5546 5561 602662
2016-04-11 5568 5601 5561 5561 724882
2016-04-08 5620 5623 5556 5571 786452
2016-04-07 5605 5629 5602 5623 532826
2016-04-06 5630 5638 5596 5607 622166
2016-04-05 5440 5486 5425 5482 27034
2016-04-01 5573 5622 5561 5610 891094
2016-03-31 5590 5590 5553 5575 564416
2016-03-30 5555 5585 5548 5577 502874
2016-03-29 5594 5621 5551 5557 858720
2016-03-28 5610 5625 5583 5586 715464
2016-03-25 5553 5608 5540 5605 778744
2016-03-24 5588 5608 5556 5579 878302
2016-03-23 5616 5645 5583 5588 855762
2016-03-22 5592 5628 5578 5618 946506
2016-03-21 5562 5606 5536 5592 938632
2016-03-18 5544 5591 5535 5564 1237550
2016-03-17 5487 5542 5481 5538 1148902
2016-03-16 5470 5494 5462 5490 719380
2016-03-15 5480 5506 5451 5477 1065162
2016-03-14 5480 5511 5440 5473 1298434
2016-03-11 5427 5481 5418 5475 833168
2016-03-10 5481 5493 5409 5420 1000506
2016-03-09 5408 5482 5372 5474 954718
2016-03-08 5450 5486 5405 5407 897738
2016-03-07 5494 5582 5451 5452 840362
2016-03-04 5460 5517 5460 5488 554868
2016-03-03 5473 5508 5457 5460 377292
2016-03-02 5474 5510 5439 5478 470668
2016-03-01 5459 5477 5427 5466 357152
2016-02-29 5425 5438 5320 5338 1376758
2016-02-26 5411 5443 5409 5420 816604
2016-02-25 5428 5442 5408 5411 718494
2016-02-24 5400 5452 5399 5434 1398460
2016-02-23 5348 5393 5340 5385 982674
2016-02-22 5348 5365 5318 5346 930636
2016-02-19 5318 5359 5297 5354 1098380
2016-02-18 5309 5342 5306 5310 747904
2016-02-17 5355 5361 5306 5311 1157668
2016-02-16 5400 5416 5346 5353 1163378
2016-02-15 5430 5460 5393 5399 404998
2016-02-05 5409 5433 5392 5433 456816
2016-02-04 5391 5430 5363 5411 884834
2016-02-03 5385 5408 5371 5387 934140
2016-02-02 5369 5386 5356 5384 912770
2016-02-01 5394 5409 5357 5370 1177322
2016-01-29 5430 5448 5382 5387 1360650
2016-01-28 5452 5460 5423 5431 1181924
2016-01-27 5455 5473 5384 5462 2032138
2016-01-26 5432 5454 5417 5444 1161134
2016-01-25 5488 5507 5431 5435 1200984
2016-01-22 5453 5508 5445 5474 1213904
2016-01-21 5471 5487 5431 5441 1304794
2016-01-20 5517 5535 5465 5471 1125852
2016-01-19 5485 5535 5462 5519 1275412
2016-01-18 5417 5495 5409 5481 1468948
2016-01-15 5449 5476 5420 5421 1310750
2016-01-14 5478 5480 5429 5456 1227242
2016-01-13 5455 5488 5416 5465 1547032
2016-01-12 5466 5480 5444 5451 1124232
2016-01-11 5568 5576 5465 5470 1525062
2016-01-08 5534 5578 5526 5559 1120572
2016-01-07 5539 5573 5492 5530 1440974
2016-01-06 5590 5600 5530 5545 1355252
2016-01-05 5603 5621 5580 5599 1026492
2016-01-04 5663 5696 5585 5613 943326
2015-12-31 5645 5672 5635 5665 996120
2015-12-30 5637 5689 5626 5630 1421986
2015-12-29 5575 5638 5570 5634 1044892
2015-12-28 5626 5639 5578 5579 969116
2015-12-25 5603 5645 5594 5630 1076250
2015-12-24 5616 5635 5597 5605 1041950
2015-12-23 5643 5644 5563 5615 1619506
2015-12-22 5662 5672 5635 5647 1162976
2015-12-21 5558 5685 5544 5669 1936250
2015-12-18 5536 5565 5527 5551 1152032
2015-12-17 5520 5593 5515 5531 1504044
2015-12-16 5541 5562 5526 5532 1328004
2015-12-15 5527 5580 5507 5539 1458940
2015-12-14 5530 5562 5515 5547 1327764
2015-12-11 5418 5537 5413 5530 1812814
2015-12-10 5453 5477 5431 5432 1129042
2015-12-09 5501 5515 5442 5446 1453162
2015-12-08 5546 5564 5480 5495 1453322
2015-12-07 5505 5558 5491 5555 1140602
2015-12-04 5551 5588 5499 5503 1673758
2015-12-03 5575 5587 5542 5551 1173920
2015-12-02 5524 5614 5512 5585 1616734
2015-12-01 5500 5569 5476 5530 1771802
2015-11-30 5555 5574 5489 5504 1269908
2015-11-27 5570 5603 5533 5541 1279064
2015-11-26 5555 5627 5522 5576 1579040
2015-11-25 5560 5588 5512 5560 1386012
2015-11-24 5456 5559 5456 5543 1436476
2015-11-23 5350 5535 5334 5477 1724564
2015-11-20 5316 5355 5283 5350 861784
2015-11-19 5287 5326 5250 5319 979182
2015-11-18 5392 5395 5291 5293 758744
2015-11-17 5397 5399 5355 5392 534770
2015-11-16 5426 5473 5405 5412 1534908
2015-11-13 5396 5447 5388 5426 1671214
2015-11-12 5386 5422 5361 5401 1754770
2015-11-11 5370 5412 5341 5382 1951602
2015-11-10 5428 5430 5319 5365 1907150
2015-11-09 5438 5464 5425 5435 1191164
2015-11-06 5483 5485 5419 5438 1619036
2015-11-05 5524 5533 5456 5475 1645180
2015-11-04 5471 5523 5458 5522 1272780
2015-11-03 5467 5504 5461 5467 1491704
2015-11-02 5505 5521 5454 5474 1824754
2015-10-30 5526 5542 5498 5502 1501376
2015-10-29 5575 5597 5528 5534 1869792
2015-10-28 5554 5596 5541 5567 1908608
2015-10-27 5545 5566 5495 5558 2024828
2015-10-26 5586 5587 5529 5536 1972702
2015-10-23 5589 5590 5551 5581 2123502
2015-10-22 5591 5619 5567 5578 2500480
2015-10-21 5580 5595 5533 5592 2470804
2015-10-20 5533 5584 5507 5582 2483764
2015-10-19 5582 5591 5532 5543 2237902
2015-10-16 5670 5672 5571 5585 2322632
2015-10-15 5665 5697 5644 5674 1773128
2015-10-14 5657 5675 5616 5655 1911228
2015-10-13 5652 5678 5628 5662 2032366
2015-10-12 5713 5725 5637 5659 2155294
2015-10-09 5675 5712 5653 5695 1897230
2015-10-08 5734 5734 5512 5512 24
2015-09-30 5562 5633 5530 5629 1945728
2015-09-29 5610 5617 5524 5550 1906278
2015-09-28 5590 5618 5564 5615 1329044
2015-09-25 5590 5623 5554 5569 2410196
2015-09-24 5559 5600 5544 5595 2761686
2015-09-23 5484 5546 5466 5543 2489378
2015-09-22 5483 5549 5471 5502 3193876
2015-09-21 5413 5488 5369 5487 2543094
2015-09-18 5480 5488 5412 5434 2001180
2015-09-17 5496 5510 5462 5485 2294824
2015-09-16 5454 5508 5426 5494 2542400
2015-09-15 5502 5527 5434 5469 2362640
2015-09-14 5531 5561 5478 5501 2543040
2015-09-11 5481 5531 5463 5506 2608336
2015-09-10 5302 5538 5298 5508 3360972
2015-09-09 5320 5359 5297 5302 1652876
2015-09-08 5260 5328 5238 5297 1455768
2015-09-07 4928 5011 4928 5001 648
2015-09-02 5189 5224 5139 5182 1293444
2015-09-01 5222 5242 5150 5152 1254194
2015-08-31 5290 5293 5215 5243 1181388
2015-08-28 5228 5366 5208 5289 1676756
2015-08-27 5135 5217 5101 5199 1223014
2015-08-26 5153 5226 5136 5137 1343182
2015-08-25 5078 5168 5043 5129 1730820
2015-08-24 5307 5307 5095 5095 1869406
2015-08-21 5319 5334 5283 5318 1189982
2015-08-20 5350 5386 5292 5314 1444220
2015-08-19 5351 5378 5266 5361 1712240
2015-08-18 5400 5406 5348 5354 1133140
2015-08-17 5317 5399 5310 5392 1302828
2015-08-14 5326 5343 5285 5314 1273720
2015-08-13 5170 5348 5135 5343 1672374
2015-08-12 5138 5174 5110 5168 848072
2015-08-11 5024 5195 5021 5153 1383092
2015-08-10 5056 5080 4995 5034 1322688
2015-08-07 5125 5147 4988 5079 1723406
2015-08-06 5261 5267 5130 5133 789296
2015-08-05 5239 5275 5217 5259 668350
2015-08-04 5193 5256 5170 5244 730108
2015-08-03 5323 5338 5208 5212 749422
2015-07-31 5336 5346 5305 5319 774346
2015-07-30 5235 5342 5220 5334 1080878
2015-07-29 5190 5240 5185 5223 609366
2015-07-28 5160 5210 5146 5184 685500
2015-07-27 5221 5236 5133 5164 854874
2015-07-24 5220 5257 5211 5234 718412
2015-07-23 5326 5338 5225 5227 1027278
2015-07-22 5360 5378 5324 5334 552394
2015-07-21 5361 5388 5320 5355 773988
2015-07-20 5356 5400 5344 5384 835650
2015-07-17 5304 5386 5245 5357 987506
2015-07-16 5394 5401 5311 5325 793328
2015-07-15 5452 5472 5398 5417 547276
2015-07-14 5444 5486 5425 5437 611554
2015-07-13 5450 5475 5405 5442 633406
2015-07-10 5435 5513 5413 5435 1099492
2015-07-09 5200 5555 5093 5424 1539722
2015-07-08 5615 5615 5410 5410 718748
2015-07-07 5618 5691 5584 5622 890814
2015-07-06 5601 5652 5557 5609 747108
2015-07-03 5634 5665 5588 5599 665494
2015-07-02 0 0 5623 5627 556822
2015-07-01 5675 5721 5660 5693 675328
2015-06-30 5684 5697 5612 5663 779280
2015-06-29 5605 5699 5581 5686 783738
2015-06-26 5583 5614 5545 5588 549348
2015-06-25 5605 5639 5585 5586 474200
2015-06-24 5588 5600 5540 5593 399610
2015-06-23 5297 5353 5295 5333 275128
2015-06-19 5316 5320 5237 5269 641982
2015-06-18 5299 5360 5284 5317 713378
2015-06-17 5335 5337 5233 5297 933620
2015-06-16 5374 5424 5301 5325 737448
2015-06-15 5508 5508 5383 5385 694984
2015-06-12 5541 5550 5481 5496 615792
2015-06-11 5574 5582 5545 5545 345072
2015-06-10 5570 5586 5535 5569 296454
2015-06-09 5588 5611 5550 5564 323588
2015-06-08 5571 5589 5560 5576 301206
2015-06-05 5629 5645 5568 5576 514494
2015-06-04 5589 5636 5567 5617 666890
2015-06-03 5620 5646 5582 5589 603294
2015-06-02 5535 5610 5534 5608 612476
2015-06-01 5547 5566 5525 5539 495142
2015-05-29 5506 5553 5480 5537 644832
2015-05-28 5475 5548 5471 5509 809752
2015-05-27 5470 5510 5353 5495 646820
2015-05-26 5445 5654 5445 5474 1649618
2015-05-25 5492 5496 5435 5455 619148
2015-05-22 5465 5504 5452 5501 725944
2015-05-21 5438 5476 5418 5470 839586
2015-05-20 5551 5552 5423 5426 1497124
2015-05-19 5561 5586 5527 5553 715120
2015-05-18 5544 5562 5521 5561 581080
2015-05-15 5562 5568 5482 5540 1203740
2015-05-14 5582 5626 5526 5558 1056932
2015-05-13 5555 5592 5539 5584 721296
2015-05-12 5580 5596 5520 5551 694904
2015-05-11 5550 5595 5523 5580 831570
2015-05-08 5608 5629 5535 5537 1119096
2015-05-07 5620 5627 5578 5602 662790
2015-05-06 5602 5661 5592 5620 958946
2015-05-05 5519 5599 5505 5589 1136358
2015-05-04 5534 5553 5503 5522 477620
2015-04-30 5561 5589 5524 5540 1016966
2015-04-29 5573 5607 5555 5569 1052450
2015-04-28 5596 5607 5533 5567 1140022
2015-04-27 5611 5622 5556 5587 1007782
2015-04-24 5566 5608 5548 5600 1294940
2015-04-23 5642 5681 5441 5549 2597996
2015-04-22 5608 5672 5578 5645 1317862
2015-04-21 5595 5624 5573 5606 985346
2015-04-20 5589 5644 5585 5613 1111344
2015-04-17 5530 5633 5502 5609 1750102
2015-04-16 5526 5548 5484 5516 1368658
2015-04-15 5530 5568 5515 5535 1129204
2015-04-14 5518 5560 5509 5542 1136662
2015-04-13 5448 5557 5411 5529 1591312
2015-04-10 5395 5464 5360 5446 1340334
2015-04-09 5414 5452 5367 5410 1247136
2015-04-08 5353 5429 5313 5412 1372684
2015-04-07 5366 5398 5341 5362 469586
2015-04-03 5433 5445 5321 5387 1564406
2015-04-02 5428 5438 5394 5422 987404
2015-04-01 5360 5433 5338 5414 1416876
2015-03-31 5380 5406 5323 5363 1274102
2015-03-30 5313 5411 5297 5380 1925636
2015-03-27 5240 5326 5190 5307 1480670
2015-03-26 5236 5253 5192 5246 1093244
2015-03-25 5280 5285 5184 5224 1423280
2015-03-24 5071 5254 5070 5254 1624458
2015-03-23 4978 5090 4976 5074 1016606
2015-03-20 4984 5013 4956 4998 1021586
2015-03-19 5018 5026 4966 5006 922338
2015-03-18 5065 5083 4993 5012 1018006
2015-03-17 5075 5094 5055 5070 734254
2015-03-16 5051 5090 5020 5066 1168844
2015-03-13 5051 5085 5029 5080 1011052
2015-03-12 4956 5052 4956 5050 833634
2015-03-11 4926 4994 4912 4955 1147178
2015-03-10 4920 4990 4920 4950 893046
2015-03-09 5102 5110 4918 4926 1592968
2015-03-06 5106 5166 5089 5094 667438
2015-03-05 5149 5165 5080 5097 558088
2015-03-04 5171 5208 5142 5153 526764
2015-03-03 5214 5223 5164 5178 544544
2015-03-02 5110 5219 5102 5209 682424
2015-02-27 5050 5155 5042 5113 607690
2015-02-26 5065 5072 5006 5041 427900
2015-02-25 5065 5085 4990 5004 480418
2015-02-17 5172 5194 5143 5190 156396
2015-02-16 5163 5203 5138 5172 324954
2015-02-13 5124 5148 5089 5121 1534576
2015-02-12 5100 5138 5080 5124 1791832
2015-02-11 5084 5114 5070 5107 1239574
2015-02-10 5020 5112 5006 5088 1711694
2015-02-09 4991 5034 4967 5010 1403386
2015-02-06 4986 5025 4950 5007 1501108
2015-02-05 5022 5037 4966 4974 1335202
2015-02-04 5024 5057 4998 4999 1637364
2015-02-03 5020 5041 4926 5003 1652622
2015-02-02 4907 5030 4880 5017 1460318
2015-01-30 4968 4976 4898 4907 1400906
2015-01-29 4988 5015 4964 4982 1098980
2015-01-28 5059 5064 4951 4980 1840252
2015-01-27 5017 5134 5002 5082 1893456
2015-01-26 5026 5049 4955 5005 1608128
2015-01-23 4979 5042 4961 5039 1952982
2015-01-22 4966 5005 4944 4986 1098298
2015-01-21 4822 4999 4811 4958 1879408
2015-01-20 4806 4824 4790 4806 651474
2015-01-19 4708 4833 4698 4809 1516952
2015-01-16 4732 4758 4701 4718 1004412
2015-01-15 4740 4745 4685 4702 766794
2015-01-14 4729 4762 4662 4710 1078952
2015-01-13 4750 4756 4706 4725 681012
2015-01-12 4676 4771 4667 4756 960484
2015-01-09 4659 4709 4656 4676 900240
2015-01-08 4660 4686 4657 4673 850562
2015-01-07 4587 4694 4586 4660 1183202
2015-01-06 4531 4616 4531 4586 632142
2015-01-05 4580 4580 4525 4552 516190
2014-12-31 4600 4646 4584 4619 885900
2014-12-30 4570 4616 4563 4601 633234
2014-12-29 4546 4620 4530 4576 797394
2014-12-26 4555 4564 4532 4541 452452
2014-12-25 4550 4553 4501 4545 808860
2014-12-24 4542 4569 4518 4555 530806
2014-12-23 4586 4598 4528 4536 592650
2014-12-22 4564 4581 4521 4580 700038
2014-12-19 4575 4623 4541 4544 667092
2014-12-18 4505 4594 4502 4565 736820
2014-12-17 4559 4568 4506 4515 895296
2014-12-16 4624 4643 4558 4583 1006864
2014-12-15 4603 4638 4562 4614 802692
2014-12-12 4629 4656 4593 4596 800700
2014-12-11 4697 4720 4641 4660 837570
2014-12-10 4564 4696 4552 4696 972066
2014-12-09 4534 4554 4468 4550 830278
2014-12-08 4565 4585 4506 4517 689646
2014-12-05 4543 4598 4532 4553 573974
2014-12-04 4521 4575 4517 4543 636360
2014-12-03 4534 4538 4492 4530 712620
2014-12-02 4595 4630 4571 4578 449882
2014-12-01 4550 4592 4542 4565 728502
2014-11-28 4670 4682 4604 4610 880798
2014-11-27 4703 4705 4658 4689 615558
2014-11-26 4693 4726 4671 4681 779748
2014-11-25 4650 4715 4643 4702 855000
2014-11-24 4699 4702 4631 4653 868656
2014-11-21 4730 4734 4675 4693 871172
2014-11-20 4699 4725 4682 4697 838368
2014-11-19 4761 4771 4667 4687 1148582
2014-11-18 4769 4789 4734 4782 953196
2014-11-17 4767 4865 4725 4793 1221756
2014-11-14 4745 4796 4732 4779 844770
2014-11-13 4821 4827 4766 4778 786968
2014-11-12 4800 4844 4778 4839 969834
2014-11-11 4689 4761 4663 4735 954562
2014-11-10 4720 4733 4673 4697 538598
2014-11-07 4480 4653 4480 4651 922556
2014-11-06 4477 4511 4468 4507 462138
2014-11-05 4525 4534 4482 4490 601262
2014-11-04 4588 4597 4544 4562 674434
2014-11-03 4642 4650 4589 4611 692996
2014-10-31 4635 4690 4605 4678 797204
2014-10-30 4645 4687 4630 4641 704218
2014-10-29 4630 4635 4577 4629 819374
2014-10-28 4618 4646 4573 4577 928862
2014-10-27 4688 4719 4631 4640 971662
2014-10-24 4677 4693 4654 4688 983464
2014-10-23 4677 4734 4661 4718 1673316
2014-10-22 4615 4709 4602 4685 2296994
2014-10-21 4609 4680 4588 4634 1329420
2014-10-20 4569 4614 4557 4609 593362
2014-10-17 4650 4657 4542 4567 1149576
2014-10-16 4607 4630 4590 4624 757598
2014-10-15 4550 4686 4539 4657 1727784
2014-10-14 4545 4556 4506 4547 616878
2014-10-13 4479 4546 4466 4533 807344
2014-10-10 4508 4527 4480 4486 758238
2014-10-09 4575 4577 4506 4553 1090416
2014-10-08 4683 4703 4620 4646 38
2014-09-30 4638 4649 4588 4637 981822
2014-09-29 4600 4648 4517 4638 1231824
2014-09-26 4340 4483 4338 4483 1367182
2014-09-25 4290 4353 4274 4349 857006
2014-09-24 4235 4272 4221 4253 620774
2014-09-23 4240 4268 4213 4227 573362
2014-09-22 4270 4270 4163 4225 1056160
2014-09-19 4370 4373 4280 4284 1027502
2014-09-18 4420 4430 4396 4403 642212
2014-09-17 4377 4393 4362 4383 556088
2014-09-16 4405 4425 4366 4374 799986
2014-09-15 4370 4403 4356 4401 745518
2014-09-12 4374 4436 4368 4429 741628
2014-09-11 4400 4409 4371 4387 974386
2014-09-10 4466 4477 4384 4434 1229612
2014-09-09 4456 4509 4444 4481 711638
2014-09-05 4476 4510 4433 4473 824406
2014-09-04 4541 4560 4521 4528 564746
2014-09-03 4607 4617 4553 4558 781374
2014-09-02 4594 4599 4570 4590 673556
2014-09-01 4533 4613 4516 4594 1145704
2014-08-29 4472 4556 4441 4546 996210
2014-08-28 4470 4484 4451 4465 426090
2014-08-27 4478 4517 4478 4501 633778
2014-08-26 4424 4452 4414 4450 422424
2014-08-25 4461 4467 4426 4455 477880
2014-08-22 4490 4528 4478 4516 711012
2014-08-21 4466 4497 4437 4453 518378
2014-08-20 4465 4472 4429 4432 539742
2014-08-19 4526 4527 4471 4489 585154
2014-08-18 4543 4562 4531 4554 323870
2014-08-15 4550 4568 4506 4544 536012
2014-08-14 4550 4573 4526 4562 572712
2014-08-13 4594 4602 4559 4560 478740
2014-08-12 4660 4666 4598 4618 647362
2014-08-11 4680 4685 4646 4651 281924
2014-08-08 4660 4685 4660 4667 277354
2014-08-07 4710 4726 4698 4699 329834
2014-08-06 4680 4698 4665 4685 382532
2014-08-05 4717 4727 4701 4706 432322
2014-08-04 4715 4764 4707 4758 432898
2014-08-01 4728 4748 4693 4707 522626
2014-07-31 4760 4775 4753 4759 267564
2014-07-30 4775 4782 4743 4752 687292
2014-07-29 4805 4833 4786 4815 541896
2014-07-28 4788 4828 4742 4827 565678
2014-07-25 4819 4829 4773 4781 462056
2014-07-24 4841 4850 4795 4804 589152
2014-07-23 4871 4875 4838 4866 397210
2014-07-22 4850 4895 4838 4888 523332
2014-07-21 4861 4881 4812 4823 470664
2014-07-18 4782 4845 4770 4832 571258
2014-07-17 4794 4817 4787 4798 358824
2014-07-16 4801 4818 4780 4811 302858
2014-07-15 4794 4819 4791 4798 265170
2014-07-14 4784 4811 4763 4798 348776
2014-07-11 4835 4838 4775 4776 501398
2014-07-10 4834 4858 4812 4839 362006
2014-07-09 4864 4869 4792 4858 608680
2014-07-08 4822 4851 4815 4843 321226
2014-07-07 4965 4970 4810 4820 791130
2014-07-04 4960 4977 4941 4969 387992
2014-07-03 4980 4985 4931 4959 447434
2014-07-02 4955 4981 4953 4979 309620
2014-07-01 4935 4986 4925 4963 392438
2014-06-30 4986 4988 4952 4957 371346
2014-06-27 5093 5103 5030 5034 687418
2014-06-26 5074 5091 5049 5090 467476
2014-06-25 5044 5077 5042 5074 457136
2014-06-24 5060 5071 5025 5032 480228
2014-06-23 5066 5133 5055 5081 766498
2014-06-20 5089 5090 5031 5056 498262
2014-06-19 5059 5078 5029 5031 503256
2014-06-18 4942 5027 4924 5025 693610
2014-06-17 4972 4974 4934 4942 251196
2014-06-16 4677 4700 4666 4667 174748
2014-06-13 4613 4655 4610 4639 186660
2014-06-12 4675 4683 4618 4623 286920
2014-06-11 4720 4734 4670 4682 242538
2014-06-10 4759 4759 4711 4713 180494
2014-06-09 4760 4765 4721 4748 175690
2014-06-06 4751 4779 4750 4750 288872
2014-06-05 4762 4795 4754 4785 247398
2014-06-04 4810 4815 4770 4775 286614
2014-06-03 4815 4835 4792 4806 267160
2014-05-30 4848 4849 4826 4842 310486
2014-05-29 4809 4837 4805 4814 357790
2014-05-28 4762 4810 4760 4807 436854
2014-05-27 4826 4832 4773 4805 425436
2014-05-26 4803 4835 4794 4825 364164
2014-05-23 4801 4807 4769 4799 543306
2014-05-22 4845 4875 4806 4815 601668
2014-05-21 4852 4875 4838 4858 487824
2014-05-20 4865 4896 4843 4885 619378
2014-05-19 4828 4901 4826 4885 774836
2014-05-16 4850 4859 4829 4854 473526
2014-05-15 4920 4920 4843 4845 845976
2014-05-14 4822 4880 4809 4872 1239278
2014-05-13 4729 4756 4718 4746 377896
2014-05-12 4705 4760 4705 4716 557526
2014-05-09 4727 4738 4686 4715 651006
2014-05-08 4736 4756 4715 4724 441572
2014-05-07 4700 4737 4692 4732 568904
2014-05-06 4792 4799 4710 4720 739516
2014-05-05 4832 4862 4787 4789 769220
2014-05-01 4802 4802 4802 4802 32
2014-04-30 4869 4892 4848 4855 826736
2014-04-29 4847 4864 4836 4847 480422
2014-04-28 4880 4885 4824 4871 548678
2014-04-25 4856 4871 4842 4859 527624
2014-04-24 4895 4925 4871 4871 977068
2014-04-23 4855 4871 4820 4856 622498
2014-04-22 4838 4856 4808 4839 586638
2014-04-21 4872 4887 4832 4835 575108
2014-04-18 4806 4886 4793 4877 651618
2014-04-17 4885 4890 4821 4847 593152
2014-04-16 4832 4895 4832 4862 932920
2014-04-15 4804 4839 4797 4828 593042
2014-04-14 4766 4861 4758 4848 720814
2014-04-11 4810 4813 4752 4792 411170
2014-04-10 4810 4845 4790 4797 700592
2014-04-09 4796 4847 4774 4825 968782
2014-04-08 4750 4786 4725 4765 554458
2014-04-04 4823 4823 4779 4789 559172
2014-04-03 4763 4800 4763 4798 517874
2014-04-02 4825 4830 4747 4769 1174150
2014-04-01 4838 4962 4832 4916 1369028
2014-03-31 4883 4890 4835 4849 809330
2014-03-28 4848 4899 4837 4899 1445868
2014-03-27 4659 4818 4655 4818 1577278
2014-03-26 4632 4651 4607 4614 557260
2014-03-25 4616 4641 4608 4618 533900
2014-03-24 4655 4667 4598 4615 637512
2014-03-21 4669 4710 4658 4683 548368
2014-03-20 4755 4759 4674 4682 645232
2014-03-19 4713 4738 4693 4734 477222
2014-03-18 4700 4741 4682 4696 597956
2014-03-17 4745 4750 4704 4708 560206
2014-03-14 4865 4875 4759 4788 701622
2014-03-12 4868 4898 4839 4877 668286
2014-03-11 4853 4916 4847 4906 958278
2014-03-10 4838 4845 4787 4823 790714
2014-03-06 4739 4848 4738 4845 1256358
2014-03-05 4715 4740 4692 4710 480024
2014-03-04 4727 4727 4696 4713 411596
2014-03-03 4651 4731 4648 4718 751700
2014-02-28 4736 4749 4672 4680 685448
2014-02-27 4731 4737 4691 4705 430462
2014-02-26 4750 4753 4664 4714 729228
2014-02-25 4780 4805 4766 4771 638588
2014-02-24 4752 4762 4706 4740 461184
2014-02-21 4650 4743 4650 4728 698722
2014-02-20 4563 4585 4558 4568 281616
2014-02-19 4594 4608 4538 4545 386056
2014-02-18 4520 4549 4507 4531 353948
2014-02-17 4553 4577 4506 4511 403892
2014-02-14 4563 4592 4555 4563 312872
2014-02-13 4549 4579 4537 4568 410496
2014-02-12 4498 4534 4492 4514 279750
2014-02-11 4516 4526 4502 4516 229340
2014-02-10 4461 4555 4460 4531 537028
2014-02-07 4499 4508 4464 4484 268558
2014-01-30 4386 4398 4373 4386 182544
2014-01-29 4420 4425 4400 4413 272072
2014-01-28 4441 4450 4355 4375 636860
2014-01-27 4483 4493 4460 4473 247460
2014-01-24 4470 4490 4469 4479 246196
2014-01-23 4464 4478 4457 4468 252222
2014-01-22 4468 4504 4466 4486 305904
2014-01-21 4517 4524 4471 4472 320500
2014-01-20 4460 4526 4450 4521 539918
2014-01-17 4498 4519 4480 4484 379468
2014-01-15 4565 4573 4538 4542 334648
2014-01-14 4566 4611 4560 4578 458860
2014-01-13 4565 4570 4534 4559 268892
2014-01-10 4525 4559 4520 4554 386596
2014-01-09 4520 4558 4498 4547 597518
2014-01-08 4617 4617 4555 4564 441906
2014-01-07 4660 4675 4615 4617 391736
2014-01-06 4738 4738 4646 4653 625638
2014-01-03 4790 4790 4753 4762 220156
2014-01-02 4787 4802 4782 4789 161882
2013-12-31 4819 4824 4781 4788 392654
2013-12-30 4860 4870 4826 4830 338640
2013-12-27 4887 4895 4852 4857 375744
2013-12-26 4847 4894 4841 4882 495156
2013-12-25 4861 4871 4836 4847 234794
2013-12-24 4861 4875 4852 4864 249882
2013-12-23 4905 4912 4872 4879 304744
2013-12-20 4900 4915 4887 4893 471220
2013-12-19 4865 4889 4862 4873 410450
2013-12-18 4838 4876 4822 4875 445558
2013-12-17 4883 4885 4863 4872 264886
2013-12-16 4880 4898 4874 4875 310436
2013-12-13 4851 4877 4848 4873 337942
2013-12-12 4893 4893 4871 4879 293074
2013-12-11 4906 4916 4903 4906 217218
2013-12-10 4905 4914 4891 4894 320944
2013-12-09 4940 4943 4907 4910 403976
2013-12-06 4968 4976 4948 4954 278258
2013-12-05 4955 4965 4948 4958 271944
2013-12-04 4950 4970 4944 4962 284966
2013-12-03 4959 4972 4953 4959 201926
2013-12-02 5010 5010 4965 4968 349986
2013-11-29 5021 5037 5009 5012 241674
2013-11-28 5001 5032 4995 5024 362002
2013-11-27 4994 5022 4991 5013 295470
2013-11-26 4984 5004 4981 4989 198952
2013-11-25 5000 5008 4984 4993 302680
2013-11-22 5030 5040 5006 5008 374286
2013-11-21 5049 5060 5035 5036 210140
2013-11-19 5044 5055 5036 5045 244268
2013-11-18 5082 5083 5034 5035 316758
2013-11-15 5136 5142 5067 5072 419246
2013-11-14 5135 5152 5127 5149 213798
2013-11-13 5120 5146 5106 5139 241760
2013-11-12 5145 5152 5117 5127 188544
2013-11-11 5165 5166 5133 5142 176540
2013-11-08 5169 5175 5154 5158 142636
2013-11-07 5175 5180 5156 5169 154404
2013-11-06 5212 5212 5196 5207 56292
2013-11-05 5210 5226 5198 5221 118644
2013-11-04 5183 5212 5183 5202 105168
2013-11-01 5199 5212 5164 5209 231588
2013-10-31 5172 5214 5161 5194 268274
2013-10-30 5143 5189 5143 5178 172054
2013-10-29 5156 5187 5155 5172 125612
2013-10-28 5180 5220 5171 5173 180792
2013-10-25 5208 5208 5160 5175 194982
2013-10-24 5198 5248 5192 5224 315566
2013-10-23 5243 5255 5201 5202 224446
2013-10-22 5266 5272 5235 5240 190902
2013-10-21 5262 5278 5237 5273 395856
2013-10-18 5228 5230 5183 5213 266126
2013-10-17 5260 5264 5210 5219 257656
2013-10-16 5225 5234 5208 5224 181198
2013-10-15 5240 5280 5230 5259 406996
2013-10-14 5255 5258 5210 5219 391002
2013-10-11 5239 5252 5226 5240 378638
2013-10-10 5137 5232 5135 5231 570630
2013-10-09 5157 5166 5119 5136 183258
2013-10-08 5172 5175 5141 5156 218648
2013-09-30 5065 5125 5058 5089 152550
2013-09-27 5142 5145 5088 5103 255804
2013-09-26 5157 5170 5131 5137 344462
2013-09-25 5110 5139 5110 5128 395874
2013-09-24 5083 5108 5075 5095 420890
2013-09-23 5091 5093 5061 5063 349268
2013-09-18 5062 5085 5049 5053 345070
2013-09-17 5085 5097 5066 5073 436730
2013-09-16 5138 5201 5077 5084 1331474
2013-09-13 5155 5168 5135 5150 381102
2013-09-12 5152 5169 5124 5147 535174
2013-09-11 5182 5207 5144 5151 731746
2013-09-10 5181 5188 5134 5153 675414
2013-09-09 5164 5183 5150 5169 764510
2013-09-06 5063 5168 5058 5167 1349220
2013-09-05 5023 5060 5015 5044 628586
2013-09-04 5025 5038 4995 5038 554584
2013-09-03 4990 5035 4983 5018 653860
2013-09-02 5006 5016 4986 4987 434788
2013-08-30 5028 5039 4986 4996 530012
2013-08-29 5047 5068 4990 5040 820920
2013-08-28 5019 5079 5012 5031 742168
2013-08-27 5044 5054 5015 5025 372566
2013-08-26 4966 5044 4961 5042 787486
2013-08-23 4955 4966 4930 4931 307424
2013-08-22 4980 5004 4953 4955 323768
2013-08-21 5020 5050 5002 5007 367550
2013-08-20 5000 5030 4995 5029 346828
2013-08-19 5079 5080 5035 5038 405590
2013-08-16 5070 5110 5065 5098 481472
2013-08-15 5047 5082 5040 5070 319422
2013-08-14 5071 5081 5032 5035 279964
2013-08-13 5055 5074 5045 5066 363202
2013-08-12 5008 5054 4995 5048 408720
2013-08-09 4968 4982 4958 4974 284266
2013-08-08 4946 4977 4940 4964 390286
2013-08-07 4938 4941 4916 4921 228258
2013-08-06 4931 4950 4931 4946 224608
2013-08-05 4935 4970 4931 4954 371264
2013-08-02 4930 4943 4911 4932 348938
2013-08-01 4897 4948 4896 4947 456242
2013-07-31 4910 4932 4886 4895 378424
2013-07-30 4912 4935 4905 4910 478394
2013-07-29 4868 4887 4831 4869 412924
2013-07-26 4909 4910 4862 4865 329708
2013-07-25 4859 4891 4852 4891 227914
2013-07-24 4870 4889 4866 4881 180918
2013-07-23 4895 4915 4877 4883 214688
2013-07-22 4843 4900 4822 4895 450866
2013-07-19 4851 4858 4830 4831 253232
2013-07-18 4820 4846 4816 4842 304810
2013-07-17 4798 4837 4792 4819 434564
2013-07-16 4872 4879 4806 4817 731968
2013-07-15 4859 4895 4849 4867 368784
2013-07-12 4875 4885 4855 4860 353372
2013-07-11 4881 4929 4879 4898 481030
2013-07-10 4890 4900 4861 4885 373086
2013-07-09 4870 4901 4850 4887 482738
2013-07-08 4878 4878 4840 4849 472688
2013-07-05 4900 4918 4880 4889 585100
2013-07-04 4978 4981 4883 4896 1213246
2013-07-03 5000 5018 4976 4991 373414
2013-07-02 4972 5005 4965 5001 386052
2013-07-01 4943 5009 4943 4986 285982
2013-06-28 4942 4965 4938 4954 299688
2013-06-27 4998 5002 4932 4974 607824
2013-06-26 5010 5023 4970 4983 370826
2013-06-25 5173 5194 5161 5190 96756
2013-06-24 5174 5175 5140 5151 92814
2013-06-21 5130 5160 5113 5146 122748
2013-06-20 5200 5214 5163 5169 120524
2013-06-19 5168 5191 5160 5187 81986
2013-06-18 5201 5208 5179 5182 73042
2013-06-17 5150 5203 5150 5195 194064
2013-06-14 5085 5105 5080 5092 70584
2013-06-13 5093 5107 5068 5076 117222
2013-06-07 5097 5140 5097 5123 155818
2013-06-06 5108 5117 5080 5087 150630
2013-06-05 5080 5130 5075 5118 247682
2013-06-04 5068 5090 5055 5081 163294
2013-06-03 5075 5097 5055 5077 179596
2013-05-31 5083 5110 5074 5077 169926
2013-05-30 5070 5090 5037 5082 355488
2013-05-29 5125 5133 5053 5066 485262
2013-05-28 5099 5147 5096 5137 517478
2013-05-27 5089 5096 5060 5092 487418
2013-05-24 5110 5127 5095 5097 333606
2013-05-23 5111 5148 5090 5096 432758
2013-05-22 5176 5180 5157 5168 266968
2013-05-21 5164 5181 5145 5165 380522
2013-05-20 5202 5216 5157 5162 539956
2013-05-17 5188 5219 5161 5196 432026
2013-05-16 5191 5224 5184 5202 323658
2013-05-15 5234 5239 5201 5202 478510
2013-05-14 5252 5269 5247 5259 302150
2013-05-13 5249 5293 5233 5271 587616
2013-05-10 5240 5268 5231 5255 425788
2013-05-09 5247 5263 5211 5234 825502
2013-05-08 5250 5280 5238 5265 512148
2013-05-07 5258 5282 5233 5262 501462
2013-05-06 5206 5263 5181 5251 827256
2013-05-03 5205 5240 5180 5188 700226
2013-05-02 5188 5199 5127 5198 833946
2013-04-26 5160 5230 5154 5227 960460
2013-04-25 5108 5148 5082 5128 794768
2013-04-24 5141 5177 5095 5135 942144
2013-04-23 5201 5228 5121 5138 1102986
2013-04-22 5321 5335 5196 5198 1333982
2013-04-19 5360 5366 5306 5314 826964
2013-04-18 5325 5381 5321 5368 548406
2013-04-17 5376 5390 5333 5345 486922
2013-04-16 5325 5356 5291 5351 696672
2013-04-15 5352 5397 5326 5364 551778
2013-04-12 5381 5384 5346 5360 448026
2013-04-11 5400 5419 5373 5381 625384
2013-04-10 5380 5408 5365 5399 557178
2013-04-09 5371 5408 5371 5376 530190
2013-04-08 5340 5392 5331 5391 593206
2013-04-03 5305 5355 5290 5344 731432
2013-04-02 5310 5334 5308 5319 426228
2013-04-01 5360 5360 5286 5319 965630
2013-03-29 5355 5386 5342 5364 557572
2013-03-28 5435 5435 5385 5394 544450
2013-03-27 5425 5439 5411 5424 591190
2013-03-26 5452 5463 5418 5435 659388
2013-03-25 5480 5495 5461 5472 561732
2013-03-22 5505 5541 5471 5483 1002688
2013-03-21 5510 5528 5497 5517 554758
2013-03-20 5450 5521 5441 5517 1447866
2013-03-19 5388 5455 5387 5455 758656
2013-03-18 5400 5475 5362 5440 1077164
2013-03-15 5401 5425 5381 5413 692206
2013-03-14 5423 5432 5336 5386 1430682
2013-03-13 5400 5436 5400 5428 571012
2013-03-12 5440 5444 5401 5404 421832
2013-03-11 5420 5448 5417 5428 521070
2013-03-08 5437 5439 5410 5426 639466
2013-03-07 5415 5424 5368 5376 651990
2013-03-06 5425 5450 5401 5413 531326
2013-03-05 5391 5432 5388 5431 679860
2013-03-04 5415 5421 5363 5377 622990
2013-03-01 5435 5440 5395 5428 719090
2013-02-28 5398 5425 5387 5419 574814
2013-02-27 5370 5398 5366 5380 656478
2013-02-26 5428 5451 5351 5353 1140278
2013-02-25 5458 5495 5423 5444 990646
2013-02-22 5388 5480 5381 5469 1307126
2013-02-21 5363 5414 5332 5399 1070992
2013-02-20 5374 5391 5358 5358 529624
2013-02-19 5340 5370 5331 5367 598280
2013-02-18 5340 5352 5300 5338 342228
2013-02-08 5370 5392 5358 5363 186902
2013-02-07 5418 5418 5335 5366 355320
2013-02-06 5420 5468 5417 5444 598800
2013-02-05 5451 5455 5415 5428 546114
2013-02-04 5475 5485 5441 5458 610830
2013-02-01 5441 5478 5438 5469 712714
2013-01-31 5400 5443 5390 5435 745890
2013-01-30 5330 5411 5325 5372 1202060
2013-01-29 5341 5357 5333 5340 474236
2013-01-28 5390 5392 5320 5328 915668
2013-01-25 5428 5447 5408 5412 573132
2013-01-24 5438 5456 5427 5435 454178
2013-01-23 5450 5459 5415 5418 635768
2013-01-22 5464 5497 5433 5478 659532
2013-01-21 5526 5526 5450 5459 345136
2013-01-18 5521 5538 5513 5527 277480
2013-01-17 5546 5548 5505 5512 373068
2013-01-16 5529 5573 5526 5548 371858
2013-01-15 5571 5574 5504 5541 364982
2013-01-14 5594 5604 5559 5578 418048
2013-01-11 5666 5668 5578 5587 562692
2013-01-10 5680 5680 5651 5659 394948
2013-01-09 5689 5693 5638 5647 578074
2013-01-08 5679 5715 5662 5704 913760
2013-01-07 5616 5682 5602 5659 990804
2013-01-04 5542 5583 5538 5564 409880
2012-12-31 5547 5567 5538 5549 430070
2012-12-28 5548 5577 5530 5540 777176
2012-12-27 5526 5558 5512 5530 1100648
2012-12-26 5471 5525 5466 5519 1149326
2012-12-25 5550 5550 5463 5467 1319156
2012-12-24 5505 5529 5495 5512 520316
2012-12-21 5527 5547 5492 5505 688672
2012-12-20 5502 5522 5475 5520 717850
2012-12-19 5520 5531 5489 5515 648452
2012-12-18 5540 5556 5485 5510 905420
2012-12-17 5456 5540 5456 5523 1309506
2012-12-14 5443 5469 5390 5443 1549890
2012-12-13 5424 5439 5408 5425 706784
2012-12-12 5464 5472 5422 5437 797302
2012-12-11 5422 5465 5418 5449 1095244
2012-12-10 5387 5466 5381 5448 1164764
2012-12-07 5380 5396 5354 5389 875334
2012-12-06 5382 5419 5378 5402 1009566
2012-12-05 5380 5420 5375 5384 918376
2012-12-04 5400 5418 5380 5390 898546
2012-12-03 5325 5450 5325 5403 1081926
2012-11-30 5282 5349 5256 5339 1087672
2012-11-29 5277 5280 5240 5262 794818
2012-11-28 5297 5313 5272 5279 829968
2012-11-27 5328 5332 5283 5293 945222
2012-11-26 5318 5353 5302 5331 646044
2012-11-23 5345 5345 5307 5332 653664
2012-11-22 5336 5358 5332 5345 781504
2012-11-21 5338 5347 5326 5338 761508
2012-11-20 5350 5376 5320 5337 1280122
2012-11-19 5307 5341 5297 5310 945466
2012-11-16 5310 5322 5270 5287 1141460
2012-11-15 5327 5341 5312 5321 1139442
2012-11-14 5210 5365 5172 5347 2588232
2012-11-13 5213 5218 5184 5201 936034
2012-11-12 5248 5265 5155 5201 1603488
2012-11-09 5234 5260 5223 5228 793308
2012-11-08 5208 5246 5185 5234 913160
2012-11-07 5280 5290 5226 5250 1175492
2012-11-06 5227 5275 5216 5258 1142980
2012-11-05 5157 5225 5157 5214 1085098
2012-11-02 5221 5253 5172 5174 1120262
2012-11-01 5216 5249 5190 5229 1078208
2012-10-31 5212 5227 5147 5212 1023016
2012-10-30 5182 5235 5176 5208 1151342
2012-10-29 5131 5199 5131 5170 1026458
2012-10-26 5279 5292 5140 5146 1432070
2012-10-25 5380 5380 5348 5368 401058
2012-10-24 5348 5368 5338 5366 663556
2012-10-23 5389 5419 5348 5356 1129070
2012-10-22 5378 5400 5330 5399 925872
2012-10-19 5386 5396 5341 5348 1081462
2012-10-18 5436 5477 5397 5400 1426102
2012-10-17 5386 5440 5384 5438 1255584
2012-10-16 5363 5393 5360 5377 1096328
2012-10-15 5310 5373 5291 5355 1600478
2012-10-12 5324 5342 5291 5326 1244918
2012-10-11 5286 5354 5276 5346 1258804
2012-10-10 5270 5325 5251 5307 1247898
2012-10-09 5236 5295 5236 5284 1147338
2012-10-08 5253 5284 5211 5232 806410
2012-09-28 5193 5210 5170 5190 633688
2012-09-27 5140 5240 5120 5191 1378640
2012-09-26 5178 5195 5113 5163 1592006
2012-09-25 5180 5195 5128 5163 1748680
2012-09-24 5300 5300 5176 5177 1704672
2012-09-21 5439 5450 5288 5303 2109646
2012-09-20 5380 5449 5375 5426 1791744
2012-09-19 5415 5434 5381 5389 1896168
2012-09-18 5417 5520 5400 5443 2142996
2012-09-17 5438 5474 5414 5430 1286714
2012-09-14 5407 5465 5387 5438 1493430
2012-09-13 5460 5464 5270 5368 1187424
2012-09-12 5450 5517 5433 5448 2262470
2012-09-11 5420 5466 5410 5432 1412388
2012-09-10 5365 5439 5358 5426 1685164
2012-09-07 5310 5364 5286 5338 1381652
2012-09-06 5290 5379 5274 5328 1854094
2012-09-05 5300 5331 5256 5311 1671774
2012-09-04 5382 5424 5317 5337 1525632
2012-09-03 5393 5430 5376 5397 1423532
2012-08-31 5368 5415 5351 5396 2038080
2012-08-30 5265 5488 5232 5390 2958792
2012-08-29 5334 5353 5206 5285 2557766
2012-08-28 5420 5423 5310 5316 2179318
2012-08-27 5399 5463 5375 5434 1218372
2012-08-24 5425 5435 5360 5403 1604666
2012-08-23 5536 5581 5356 5441 2240648
2012-08-22 5551 5572 5522 5524 1398710
2012-08-21 5540 5645 5522 5585 1989284
2012-08-20 5509 5538 5484 5532 1256162
2012-08-17 5560 5565 5473 5508 2246338
2012-08-16 5628 5647 5546 5564 2034988
2012-08-15 5376 5573 5343 5573 1881746
2012-08-14 5400 5401 5335 5361 1653982
2012-08-13 5484 5495 5406 5415 1767180
2012-08-10 5510 5542 5470 5484 2055964
2012-08-09 5391 5514 5388 5512 2607388
2012-08-08 5373 5420 5362 5400 1298318
2012-08-07 5415 5430 5377 5394 1420978
2012-08-06 5400 5430 5367 5424 1291574
2012-08-03 5325 5397 5320 5389 1563136
2012-08-02 5440 5453 5332 5352 2113544
2012-08-01 5355 5448 5353 5445 1668302
2012-07-31 5339 5378 5310 5377 1532190
2012-07-30 5405 5417 5317 5330 1833900
2012-07-27 5377 5399 5346 5391 1543840
2012-07-26 5532 5545 5398 5409 2218850
2012-07-25 5505 5559 5503 5532 1325944
2012-07-24 5562 5591 5502 5530 1772366
2012-07-23 5668 5733 5591 5603 1753576
2012-07-20 5711 5728 5636 5652 1431648
2012-07-19 5729 5729 5675 5695 1199396
2012-07-18 5730 5739 5665 5706 1432724
2012-07-17 5840 5849 5714 5715 1522688
2012-07-16 5891 5930 5826 5826 1699458
2012-07-13 5863 5890 5855 5875 914532
2012-07-12 5880 5945 5862 5884 1914264
2012-07-11 5851 5898 5845 5854 1156880
2012-07-10 5901 5924 5865 5867 1260256
2012-07-09 5901 5919 5828 5884 1491616
2012-07-06 5920 5931 5882 5896 1412200
2012-07-05 5890 5946 5865 5945 1640300
2012-07-04 5841 5903 5841 5889 1599900
2012-07-03 5745 5838 5737 5830 1819600
2012-07-02 5792 5792 5716 5733 1558100
2012-06-29 5759 5759 5704 5746 1602600
2012-06-28 5784 5797 5761 5770 1110500
2012-06-27 5773 5788 5733 5737 1549600
2012-06-26 5707 5778 5701 5760 2059900
2012-06-25 5647 5717 5641 5689 1382100
2012-06-21 5711 5776 5705 5726 2058100
2012-06-20 5750 5761 5717 5738 1812700
2012-06-19 5670 5706 5630 5679 2667100
2012-06-18 5778 5784 5666 5670 2454800
2012-06-15 5695 5718 5670 5702 1675100
2012-06-14 5660 5729 5643 5680 2046500
2012-06-13 5785 5791 5633 5692 3499200
2012-06-12 5847 5864 5792 5809 1850100
2012-06-11 5850 5887 5801 5863 1760400
2012-06-08 5866 5888 5767 5797 1746800
2012-06-07 5912 5948 5877 5898 1778600
2012-06-06 5890 5896 5808 5810 1840700
2012-06-05 5844 5898 5840 5891 1148500
2012-06-04 5886 5890 5796 5825 1740300
2012-06-01 6010 6035 5912 5914 1740900
2012-05-31 5971 6045 5971 6018 1184300
2012-05-30 5976 6056 5967 6010 1232700
2012-05-29 5951 6025 5925 6014 1026500
2012-05-28 6000 6008 5960 5969 821100
2012-05-25 6015 6015 5952 5993 931780
2012-05-24 5964 6022 5953 6016 806084
2012-05-23 6000 6014 5915 5960 1200500
2012-05-22 6100 6113 6070 6082 699676
2012-05-21 6070 6142 6048 6113 827664
2012-05-18 6091 6114 6022 6072 775532
2012-05-17 6070 6118 6041 6106 691242
2012-05-16 6136 6142 5996 6003 859114
2012-05-15 6085 6148 6079 6146 607148
2012-05-14 6145 6163 6059 6070 630512
2012-05-11 6230 6234 6124 6134 783774
2012-05-10 6266 6280 6225 6230 429626
2012-05-09 6270 6281 6250 6251 457622
2012-05-08 6369 6377 6299 6310 643182
2012-05-07 6366 6390 6351 6358 389782
2012-05-04 6356 6382 6350 6376 497826
2012-05-03 6310 6359 6310 6354 512744
2012-05-02 6336 6363 6308 6345 579642
2012-04-27 6369 6369 6330 6330 462378
2012-04-26 6435 6452 6397 6401 374568
2012-04-25 6400 6442 6387 6436 392232
2012-04-24 6450 6464 6382 6389 457114
2012-04-23 6522 6529 6432 6445 407954
2012-04-20 6637 6655 6616 6652 367732
2012-04-19 6659 6668 6635 6651 328128
2012-04-18 6720 6720 6666 6699 350446
2012-04-17 6720 6720 6681 6697 361368
2012-04-16 6740 6756 6721 6738 365968
2012-04-13 6805 6818 6780 6782 371356
2012-04-12 6804 6862 6778 6786 722822
2012-04-11 6776 6802 6750 6792 503226
2012-04-10 6799 6820 6788 6818 572504
2012-04-09 6710 6843 6705 6816 855050
2012-04-06 6690 6700 6666 6699 203606
2012-04-05 6632 6697 6632 6686 244796
2012-03-30 6660 6660 6636 6648 123220
2012-03-29 6640 6655 6621 6652 261130
2012-03-28 6626 6648 6612 6644 190216
2012-03-27 6620 6630 6596 6626 251356
2012-03-26 6625 6659 6625 6633 174060
2012-03-23 6631 6641 6620 6637 172808
2012-03-22 6611 6620 6595 6614 246538
2012-03-21 6654 6657 6605 6609 408262
2012-03-20 6669 6685 6651 6666 198248
2012-03-19 6675 6680 6656 6657 130896
2012-03-16 6706 6719 6666 6671 241750
2012-03-15 6626 6675 6626 6658 311022
2012-03-14 6660 6666 6611 6624 230288
2012-03-13 6620 6664 6620 6650 255158
2012-03-12 6610 6620 6608 6616 152444
2012-03-09 6600 6632 6594 6630 294014
2012-03-08 6593 6620 6583 6590 291722
2012-03-07 6580 6598 6576 6594 227500
2012-03-06 6611 6622 6592 6614 272414
2012-03-05 6653 6654 6606 6621 364330
2012-03-02 6650 6659 6642 6654 151058
2012-03-01 6651 6657 6633 6644 286650
2012-02-29 6675 6680 6652 6675 280922
2012-02-28 6702 6710 6676 6686 290052
2012-02-27 6653 6705 6648 6684 437584
2012-02-24 6631 6660 6627 6641 238638
2012-02-23 6655 6662 6619 6636 354572
2012-02-22 6680 6680 6642 6643 343588
2012-02-21 6631 6643 6592 6639 469806
2012-02-20 6639 6647 6620 6626 311506
2012-02-17 6600 6606 6574 6600 424214
2012-02-16 6624 6635 6556 6571 632044
2012-02-15 6608 6626 6598 6619 326202
2012-02-14 6633 6660 6607 6616 433716
2012-02-13 6647 6666 6636 6649 351334
2012-02-10 6620 6649 6615 6636 343202
2012-02-09 6623 6675 6612 6631 815768
2012-02-08 6571 6615 6550 6614 553158
2012-02-07 6588 6600 6550 6569 579408
2012-02-06 6542 6578 6536 6569 557238
2012-02-03 6516 6538 6501 6529 423822
2012-02-02 6515 6553 6501 6523 596348
2012-02-01 6521 6533 6495 6508 473830
2012-01-31 6491 6558 6475 6533 658186
2012-01-30 6509 6539 6489 6520 386790
2012-01-20 6501 6591 6475 6586 611178
2012-01-19 6470 6480 6458 6474 295598
2012-01-18 6430 6482 6426 6460 526226
2012-01-17 6439 6488 6380 6453 916870
2012-01-16 6410 6445 6379 6435 592918
2012-01-13 6418 6430 6366 6421 563718
2012-01-12 6415 6450 6366 6437 833096
2012-01-11 6393 6399 6361 6384 505412
2012-01-10 6250 6407 6241 6393 1070192
2012-01-09 6208 6290 6206 6242 561064
2012-01-06 6200 6233 6178 6225 768872
2012-01-05 6080 6319 6079 6271 1556400
2012-01-04 6020 6066 5990 6036 854448
2011-12-30 6050 6052 5899 5930 1015122
2011-12-29 6016 6061 6002 6016 639696
2011-12-28 6113 6118 6060 6063 567690
2011-12-27 6102 6126 6091 6103 397370
2011-12-26 6180 6180 6090 6101 579520
2011-12-23 6166 6210 6133 6172 481270
2011-12-22 6086 6168 6086 6167 455806
2011-12-21 6198 6200 6103 6109 563162
2011-12-20 6202 6210 6151 6165 440906
2011-12-19 6230 6230 6170 6203 489300
2011-12-16 6150 6223 6130 6222 572106
2011-12-15 6058 6165 6058 6165 814002
2011-12-14 6108 6160 6078 6144 636726
2011-12-13 6145 6171 6101 6104 493382
2011-12-12 6258 6258 6148 6160 570616
2011-12-09 6325 6325 6271 6276 437600
2011-12-08 6270 6315 6227 6296 689634
2011-12-07 6425 6434 6335 6347 505882
2011-12-06 6431 6442 6388 6414 379990
2011-12-05 6408 6427 6366 6413 370122
2011-12-01 6421 6529 6391 6413 568036
2011-11-30 6380 6380 6310 6312 427972
2011-11-29 6321 6359 6308 6350 434384
2011-11-28 6309 6352 6274 6320 673102
2011-11-25 6312 6363 6270 6276 601192
2011-11-24 6310 6346 6231 6337 789154
2011-11-23 6400 6414 6325 6337 763494
2011-11-22 6448 6475 6368 6460 922054
2011-11-21 6550 6551 6435 6454 575162
2011-11-18 6530 6580 6526 6572 362172
2011-11-17 6581 6640 6557 6614 497742
2011-11-16 6671 6677 6568 6581 944078
2011-11-15 6638 6666 6616 6651 615300
2011-11-14 6692 6770 6634 6698 778938
2011-11-11 6666 6699 6650 6682 411008
2011-11-10 6677 6695 6600 6636 879542
2011-11-09 6800 6810 6760 6770 484926
2011-11-08 6778 6790 6715 6743 764022
2011-11-07 6783 6800 6750 6788 644998
2011-11-04 6825 6850 6764 6806 852434
2011-11-03 6768 6813 6758 6776 841278
2011-11-02 6688 6809 6665 6804 1084696
2011-11-01 6675 6757 6642 6718 928706
2011-10-31 6735 6760 6661 6682 874810
2011-10-28 6871 6888 6772 6773 1006512
2011-10-27 6768 6833 6753 6794 1073078
2011-10-26 6712 6831 6708 6815 1108554
2011-10-25 6700 6806 6622 6772 1699136
2011-10-24 6625 6788 6366 6650 2381142
2011-10-21 6566 6620 6555 6579 1048142
2011-10-20 6692 6695 6468 6523 1976652
2011-10-19 6788 6890 6768 6788 1561174
2011-10-18 6805 6818 6742 6751 1075652
2011-10-17 6850 6875 6808 6813 814656
2011-10-14 6730 6804 6715 6799 995694
2011-10-13 6768 6771 6652 6681 1284200
2011-10-12 6750 6802 6718 6774 754244
2011-10-11 6860 6860 6752 6766 753372
2011-10-10 6724 6794 6715 6767 844352
2011-09-30 6700 6758 6646 6749 1027074
2011-09-29 6553 6617 6492 6605 1177534
2011-09-28 6680 6719 6627 6674 972420
2011-09-27 6612 6686 6557 6677 1266606
2011-09-26 6560 6616 6466 6501 1373100
2011-09-23 6550 6664 6477 6585 1541174
2011-09-22 6685 6724 6621 6687 1124120
2011-09-21 6676 6795 6660 6773 1204016
2011-09-20 6666 6708 6644 6685 1184090
2011-09-19 6700 6736 6618 6650 1445226
2011-09-16 6745 6778 6669 6771 1181330
2011-09-15 6740 6778 6688 6749 1003770
2011-09-14 6891 6895 6706 6708 1369174
2011-09-13 6924 6937 6882 6905 618066
2011-09-09 6892 6913 6855 6889 1014848
2011-09-08 6949 6975 6870 6872 911156
2011-09-07 6900 6953 6856 6948 997110
2011-09-06 6990 6995 6887 6963 897634
2011-09-05 7093 7093 6970 6988 814422
2011-09-02 7182 7197 7104 7112 806780
2011-09-01 7181 7237 7174 7185 830822
2011-08-31 7183 7214 7142 7192 866310
2011-08-30 7230 7252 7176 7187 914942
2011-08-29 7232 7239 7173 7230 845264
2011-08-26 7180 7220 7156 7200 1002900
2011-08-25 7248 7260 7138 7164 1532492
2011-08-24 7341 7348 7282 7309 1052222
2011-08-23 7305 7351 7263 7331 1248496
2011-08-22 7349 7430 7280 7290 1607118
2011-08-19 7369 7372 7208 7268 1404138
2011-08-18 7500 7500 7394 7399 894724
2011-08-17 7399 7430 7361 7394 1310510
2011-08-16 7415 7474 7345 7349 1680972
2011-08-15 7520 7534 7403 7404 1239726
2011-08-12 7498 7537 7457 7471 1075864
2011-08-11 7366 7484 7356 7475 1186382
2011-08-10 7294 7394 7290 7389 1191244
2011-08-09 7132 7250 7075 7245 1419678
2011-08-08 7230 7345 7221 7278 1405090
2011-08-05 7272 7282 7152 7243 1462970
2011-08-04 7280 7325 7263 7310 1096040
2011-08-03 7280 7339 7251 7327 1136708
2011-08-02 7345 7360 7272 7320 1053426
2011-08-01 7361 7422 7337 7416 865694
2011-07-29 7389 7428 7295 7308 1378100
2011-07-28 7479 7520 7452 7458 1096600
2011-07-27 7491 7519 7436 7493 994282
2011-07-26 7416 7505 7416 7504 933344
2011-07-25 7426 7473 7415 7445 1041334
2011-07-22 7388 7388 7298 7367 958882
2011-07-21 7296 7362 7286 7332 942968
2011-07-20 7340 7345 7268 7275 970344
2011-07-19 7218 7350 7216 7349 1203700
2011-07-18 7162 7226 7162 7183 807496
2011-07-15 7107 7175 7103 7171 885328
2011-07-14 7235 7248 7176 7190 1215992
2011-07-13 7213 7290 7186 7286 1217800
2011-07-12 7091 7100 7028 7098 1084900
2011-07-11 7075 7165 7065 7076 1180600
2011-07-08 7160 7188 7085 7088 963834
2011-07-07 6961 7040 6960 7036 836774
2011-07-06 6955 6977 6915 6946 887158
2011-07-05 6910 6960 6901 6947 826812
2011-07-04 6855 6925 6822 6920 913556
2011-07-01 6739 6805 6731 6788 902926
2011-06-30 6748 6790 6722 6788 875408
2011-06-29 6735 6777 6707 6763 829636
2011-06-28 6645 6663 6620 6637 874626
2011-06-27 6700 6705 6587 6608 974810
2011-06-24 6750 6772 6692 6692 1038870
2011-06-23 6765 6765 6690 6721 1041966
2011-06-22 6814 6823 6756 6771 936380
2011-06-21 6801 6840 6760 6825 1035200
2011-06-20 6750 6783 6724 6745 973072
2011-06-17 6712 6737 6668 6730 1169238
2011-06-16 6703 6763 6662 6667 1358168
2011-06-15 6602 6732 6597 6730 1024088
2011-06-14 6625 6648 6567 6591 880166
2011-06-13 6699 6699 6605 6625 858434
2011-06-10 6641 6697 6608 6667 838794
2011-06-09 6669 6705 6620 6621 755464
2011-06-08 6625 6676 6532 6631 675120
2011-06-07 6810 6836 6794 6822 454502
2011-06-03 6778 6868 6747 6862 656422
2011-06-02 6608 6724 6601 6718 706654
2011-06-01 6690 6704 6631 6658 690112
2011-05-31 6680 6730 6643 6687 773944
2011-05-30 6703 6741 6665 6683 684020
2011-05-27 6644 6723 6618 6723 830398
2011-05-26 6612 6669 6612 6653 702218
2011-05-25 6535 6588 6515 6573 829418
2011-05-24 6400 6541 6385 6525 892818
2011-05-23 6502 6515 6414 6447 1037100
2011-05-20 6551 6556 6418 6473 1114900
2011-05-19 6690 6714 6597 6610 927436
2011-05-18 6645 6688 6610 6612 636100
2011-05-17 6663 6670 6550 6625 817268
2011-05-16 6607 6680 6593 6637 671960
2011-05-13 6520 6650 6517 6640 711776
2011-05-12 6580 6580 6456 6465 840120
2011-05-11 6675 6678 6618 6637 622002
2011-05-10 6572 6618 6542 6615 781446
2011-05-09 6495 6565 6470 6556 850476
2011-05-06 6430 6534 6411 6484 833638
2011-05-05 6553 6578 6500 6509 869888
2011-05-04 6719 6726 6592 6620 921118
2011-05-03 6751 6760 6685 6729 792254
2011-04-29 6899 6900 6768 6772 1009870
2011-04-28 6858 6966 6840 6925 780368
2011-04-27 6857 6889 6827 6845 731700
2011-04-26 6824 6848 6780 6838 712460
2011-04-25 6924 6942 6864 6882 636936
2011-04-22 6986 7003 6852 6934 895096
2011-04-21 6985 7005 6937 6958 542132
2011-04-20 6865 6946 6859 6931 622800
2011-04-19 6912 6940 6819 6874 776434
2011-04-18 6900 6961 6875 6941 674092
2011-04-15 6985 6992 6908 6921 769056
2011-04-14 7090 7098 6979 6992 981686
2011-04-13 7148 7166 7088 7163 754742
2011-04-12 7200 7226 7158 7183 719876
2011-04-11 7219 7272 7182 7226 879482
2011-04-08 7120 7259 7102 7255 920918
2011-04-07 7080 7129 7065 7111 809548
2011-04-06 7051 7157 7042 7129 720146
2011-04-01 7050 7078 7004 7059 782922
2011-03-31 7011 7041 6990 7037 771674
2011-03-30 7026 7058 6949 6969 1065782
2011-03-29 6989 7046 6955 7022 760146
2011-03-28 7160 7175 6983 7024 1016372
2011-03-25 7135 7178 7126 7153 792844
2011-03-24 7090 7102 7045 7077 823154
2011-03-23 7011 7144 6996 7133 983940
2011-03-22 6948 7018 6918 7002 869286
2011-03-21 7020 7023 6943 6965 796508
2011-03-18 6990 7026 6945 6986 944462
2011-03-17 6844 6966 6812 6916 1035274
2011-03-16 6751 6908 6734 6892 1099798
2011-03-15 6873 6913 6795 6901 1174254
2011-03-14 6948 6984 6790 6915 1160434
2011-03-11 6990 7040 6901 6903 1169328
2011-03-10 7170 7197 7066 7080 1088008
2011-03-09 7220 7272 7172 7242 769130
2011-03-08 7221 7256 7100 7151 1094582
2011-03-07 7200 7283 7171 7278 618000
2011-03-04 7312 7322 7205 7237 662298
2011-03-03 7368 7383 7287 7291 562478
2011-03-02 7261 7306 7240 7302 632180
2011-03-01 7310 7333 7264 7282 711962
2011-02-28 7230 7300 7195 7279 736214
2011-02-25 7123 7174 7076 7166 898188
2011-02-24 7232 7242 7051 7085 1469894
2011-02-23 7175 7305 7121 7246 1119702
2011-02-22 7290 7320 7171 7233 875856
2011-02-21 7255 7272 7162 7261 703834
2011-02-18 7377 7390 7224 7250 907980
2011-02-17 7494 7500 7330 7336 765212
2011-02-16 7449 7450 7365 7427 606106
2011-02-15 7433 7535 7433 7453 589946
2011-02-14 7532 7604 7438 7475 698522
2011-02-11 7531 7570 7525 7548 535538
2011-02-10 7431 7575 7430 7535 760034
2011-02-09 7312 7410 7311 7406 496734
2011-02-01 7470 7478 7386 7472 482572
2011-01-31 7405 7483 7395 7444 473576
2011-01-28 7361 7410 7310 7322 775060
2011-01-27 7318 7370 7284 7364 909976
2011-01-26 7198 7220 7131 7199 653962
2011-01-25 7271 7305 7175 7198 608712
2011-01-24 7320 7344 7275 7286 754338
2011-01-21 7181 7305 7175 7268 856380
2011-01-20 7155 7205 7128 7160 864500
2011-01-19 7100 7198 7088 7186 829398
2011-01-18 7146 7175 7062 7106 828158
2011-01-17 7165 7234 7136 7137 1021442
2011-01-14 7111 7207 7106 7196 1147324
2011-01-13 7116 7153 7075 7116 1017044
2011-01-12 7081 7185 7066 7128 1242654
2011-01-11 6999 7020 6940 7005 1074968
2011-01-10 6969 7032 6938 6960 1407284
2011-01-07 7070 7097 6850 6874 1336488
2011-01-06 7270 7294 7175 7180 1211652
2011-01-05 7160 7248 7125 7188 1051824
2011-01-04 7180 7276 7151 7213 955042
2010-12-31 6930 7106 6920 7067 1389560
2010-12-30 7280 7333 7196 7323 1190362
2010-12-29 7391 7407 7287 7320 1277392
2010-12-28 7255 7370 7233 7361 1281070
2010-12-27 7277 7337 7181 7227 1351556
2010-12-24 7240 7317 7202 7308 1436916
2010-12-23 7082 7180 7070 7168 1613000
2010-12-22 6927 7146 6915 6991 2236000
2010-12-21 6916 6958 6893 6950 1047600
2010-12-20 6940 6975 6826 6886 1255706
2010-12-17 6710 6775 6678 6768 1093236
2010-12-16 6589 6705 6581 6672 1062768
2010-12-15 6666 6695 6538 6564 1044496
2010-12-14 6715 6748 6657 6690 832886
2010-12-13 6510 6704 6498 6674 1080160
2010-12-10 6446 6530 6437 6517 917896
2010-12-09 6470 6508 6431 6461 1123270
2010-12-08 6535 6552 6400 6410 1067654
2010-12-07 6558 6619 6527 6617 787086
2010-12-06 6596 6635 6570 6599 946436
2010-12-03 6535 6585 6521 6539 1059588
2010-12-02 6620 6627 6520 6535 1159032
2010-12-01 6425 6588 6402 6546 1542914
2010-11-30 6398 6497 6355 6485 1560344
2010-11-29 6357 6450 6311 6430 1247148
2010-11-26 6440 6442 6219 6359 1749166
2010-11-25 6510 6528 6420 6423 1300410
2010-11-24 6415 6488 6360 6484 1721282
2010-11-23 6355 6409 6253 6296 2251100
2010-11-22 6301 6429 6270 6318 1607158
2010-11-19 6629 6640 6420 6498 1869954
2010-11-18 6450 6510 6279 6444 2175238
2010-11-17 6226 6407 6196 6285 3663200
2010-11-16 6455 6638 6393 6475 2618492
2010-11-15 6377 6603 6377 6379 2101500
2010-11-12 6895 6895 6895 6895 28892
2010-11-11 7328 7339 7152 7221 2449834
2010-11-10 7460 7499 7098 7295 2487172
2010-11-09 7226 7521 7185 7386 2285666
2010-11-08 7101 7284 7022 7239 2246280
2010-11-05 7180 7222 7135 7216 1313336
2010-11-04 6928 6931 6835 6920 1839376
2010-11-03 6762 6945 6762 6889 1667500
2010-11-02 6654 6697 6610 6654 1653442
2010-11-01 6587 6699 6514 6629 1954228
2010-10-29 6801 6840 6482 6490 2031362
2010-10-28 6701 6904 6700 6859 2523690
2010-10-27 6798 6798 6632 6634 2415138
2010-10-26 6830 6900 6714 6782 2071100
2010-10-25 6620 6759 6620 6759 1197604
2010-10-22 6420 6578 6382 6533 2913238
2010-10-21 6501 6592 6403 6441 3439916
2010-10-20 6337 6476 6319 6450 3388100
2010-10-19 6246 6438 6233 6383 4042162
2010-10-18 6165 6252 6145 6195 3062606
2010-10-15 6112 6248 6081 6247 2831000
2010-10-14 5972 6179 5963 6116 2806900
2010-10-13 5960 5990 5932 5969 1862196
2010-10-12 5930 5967 5886 5902 1668600
2010-10-11 5990 5994 5910 5973 1651794
2010-10-08 5671 5803 5671 5774 1148108
2010-10-07 5660 5679 5605 5676 819330
2010-09-30 5660 5679 5605 5676 819330
2010-09-29 5746 5749 5625 5652 1791202
2010-09-28 5636 5749 5623 5745 2263488
2010-09-27 5641 5659 5590 5618 1143572
2010-09-21 5672 5679 5582 5587 1452154
2010-09-20 5673 5728 5638 5707 2068354
2010-09-17 5630 5703 5625 5658 2120428
2010-09-16 5605 5629 5572 5618 1845900
2010-09-15 5678 5678 5580 5610 1922972
2010-09-14 5700 5705 5613 5632 2188760
2010-09-13 5680 5686 5633 5658 1664068
2010-09-10 5601 5658 5600 5649 1741982
2010-09-09 5610 5618 5497 5555 1899076
2010-09-08 5649 5670 5595 5610 1734030
2010-09-07 5580 5632 5575 5609 1877348
2010-09-06 5552 5604 5537 5588 1560640
2010-09-03 5555 5576 5528 5539 1552126
2010-09-02 5607 5607 5541 5550 1666662
2010-09-01 5496 5555 5490 5543 2108718
2010-08-31 5500 5518 5466 5492 2115402
2010-08-30 5395 5535 5387 5515 2689588
2010-08-27 5306 5368 5291 5351 2052030
2010-08-26 5281 5329 5256 5325 1794434
2010-08-25 5275 5293 5254 5274 1781996
2010-08-24 5265 5305 5246 5253 1641792
2010-08-23 5298 5298 5256 5258 1530808
2010-08-20 5331 5361 5263 5273 1942804
2010-08-19 5340 5359 5295 5347 1867956
2010-08-18 5399 5418 5325 5330 1777374
2010-08-17 5350 5380 5333 5370 1276486
2010-08-16 5409 5415 5360 5375 1275336
2010-08-13 5364 5398 5323 5384 1836632
2010-08-12 5366 5435 5320 5329 1312800
2010-08-11 5320 5335 5282 5289 963596
2010-08-10 5285 5303 5254 5272 1063532
2010-08-09 5261 5325 5260 5322 1119806
2010-08-06 5196 5266 5189 5262 1211416
2010-08-05 5241 5272 5226 5234 1176540
2010-08-04 5221 5235 5166 5219 2174738
2010-08-03 5280 5289 5245 5264 1313378
2010-08-02 5203 5313 5203 5281 1630786
2010-07-30 5175 5195 5152 5194 1270222
2010-07-29 5140 5174 5111 5152 1327888
2010-07-28 5075 5121 5071 5120 1091224
2010-07-27 5101 5125 5060 5067 1421900
2010-07-26 5046 5098 5041 5090 1170520
2010-07-23 5066 5073 5042 5046 772846
2010-07-22 5029 5033 5010 5023 736670
2010-07-21 5027 5035 5010 5018 831496
2010-07-20 5001 5051 5001 5040 1423726
2010-07-19 4962 4994 4960 4984 949292
2010-07-16 4976 4988 4961 4983 1155958
2010-07-15 4927 4958 4912 4939 1308910
2010-07-14 4966 4980 4914 4934 2065752
2010-07-13 4978 4992 4946 4956 1668700
2010-07-12 4956 4998 4952 4953 1154764
2010-07-09 4969 4981 4948 4972 1262984
2010-07-08 4997 5020 4965 4967 1654372
2010-07-07 4962 4981 4944 4952 1461268
2010-07-06 4970 4993 4945 4965 2043976
2010-07-05 4900 4996 4892 4980 2303272
2010-07-02 4851 4884 4848 4883 1207948
2010-07-01 4843 4859 4830 4834 1180318
2010-06-30 4781 4827 4775 4825 1061148
2010-06-29 4843 4852 4794 4802 1269578
2010-06-28 4878 4900 4871 4876 1287932
2010-06-25 4880 4889 4855 4863 1363448
2010-06-24 4820 4858 4805 4849 1929298
2010-06-23 4825 4860 4816 4831 1628078
2010-06-22 4832 4854 4822 4832 1715788
2010-06-21 4768 4861 4762 4846 2006316
2010-06-18 4777 4793 4751 4756 1956496
2010-06-17 4812 4835 4782 4789 1121960
2010-06-14 4762 4813 4750 4786 1380294
2010-06-11 4762 4813 4750 4786 1380294
2010-06-10 4760 4769 4730 4737 1241380
2010-06-09 4738 4781 4728 4775 1876904
2010-06-08 4691 4720 4675 4715 1587212
2010-06-07 4701 4712 4627 4676 3689776
2010-06-04 4708 4745 4705 4729 2058214
2010-06-03 4732 4741 4677 4719 2885294
2010-06-02 4686 4750 4667 4747 2675890
2010-06-01 4679 4693 4663 4675 1676284
2010-05-31 4671 4698 4646 4675 2205222
2010-05-28 4780 4796 4696 4718 3520448
2010-05-27 4798 4810 4767 4799 2190138
2010-05-26 4781 4806 4765 4798 2155250
2010-05-25 4780 4793 4731 4731 2148384
2010-05-24 4777 4818 4765 4817 2099338
2010-05-21 4707 4735 4661 4730 2206100
2010-05-20 4739 4770 4716 4731 2352824
2010-05-19 4683 4742 4675 4701 3059674
2010-05-18 4621 4709 4586 4695 2723792
2010-05-17 4748 4750 4620 4620 2390062
2010-05-14 4843 4858 4774 4778 2702254
2010-05-13 4876 4883 4834 4854 1996472
2010-05-12 4763 4850 4761 4832 3157282
2010-05-11 4800 4825 4767 4779 2566282
2010-05-10 4746 4800 4733 4800 2399422
2010-05-07 4710 4743 4686 4697 2219988
2010-05-06 4812 4838 4775 4794 2566196
2010-05-05 4780 4817 4760 4809 2128582
2010-05-04 4910 4917 4816 4819 2799604
2010-04-30 4955 4967 4914 4938 2259096
2010-04-29 4949 4972 4880 4926 3254414
2010-04-28 4920 5006 4909 4977 2966836
2010-04-27 5004 5007 4940 4986 3110402
2010-04-26 5089 5091 4984 5013 4105350
2010-04-23 5103 5118 5085 5091 1885708
2010-04-22 5090 5124 5080 5122 2233068
2010-04-21 5106 5116 5070 5099 2295294
2010-04-20 5126 5136 5113 5128 1681800
2010-04-19 5130 5141 5050 5069 3034968
2010-04-16 5162 5191 5151 5186 2113588
2010-04-15 5222 5227 5157 5162 2691956
2010-04-14 5220 5233 5202 5204 2497846
2010-04-13 5185 5208 5164 5193 3175700
2010-04-12 5170 5218 5156 5194 3946366
2010-04-09 5088 5145 5075 5136 3484504
2010-04-08 5091 5125 5069 5078 2844088
2010-04-07 5060 5099 5045 5096 2043686
2010-04-06 5087 5119 5066 5082 2413048
2010-04-02 5038 5102 5034 5100 2422356
2010-04-01 5001 5031 4982 5001 2313582
2010-03-31 5092 5125 5070 5077 2071486
2010-03-30 5128 5144 5066 5082 2640960
2010-03-29 5118 5150 5060 5117 2880164
2010-03-26 5018 5126 5006 5111 2907790
2010-03-25 5065 5081 5021 5051 2312798
2010-03-24 4945 4995 4911 4992 3082462
2010-03-23 5136 5147 5028 5031 2867298
2010-03-22 5131 5202 5131 5179 1976420
2010-03-19 5161 5181 5135 5145 2173492
2010-03-18 5083 5144 5066 5134 3158552
2010-03-17 4960 5076 4905 5057 3573902
2010-03-16 4951 5036 4911 5020 2469746
2010-03-15 5118 5142 4931 4979 2920302
2010-03-12 5076 5105 5020 5100 1973386
2010-03-11 5255 5270 5081 5082 2555592
2010-03-10 5318 5332 5260 5279 2132386
2010-03-09 5349 5409 5332 5383 1921858
2010-03-08 5396 5407 5341 5386 1694046
2010-03-05 5270 5365 5246 5361 2457378
2010-03-04 5310 5333 5245 5267 2034004
2010-03-03 5316 5357 5271 5324 1802262
2010-03-02 5422 5434 5266 5310 1977114
2010-03-01 5486 5522 5417 5466 1691156
2010-02-26 5374 5454 5356 5433 2065616
2010-02-25 5790 5876 5720 5741 2144800
2010-02-24 5745 5809 5720 5780 2191008
2010-02-23 5613 5771 5613 5764 2203862
2010-02-22 5947 5976 5650 5733 1788322
2010-02-12 5830 5868 5816 5840 990698
2010-02-11 5761 5843 5735 5785 1781088
2010-02-10 5582 5756 5576 5756 1956908
2010-02-09 5536 5563 5514 5558 1182540
2010-02-08 5448 5552 5445 5539 2102440
2010-02-05 5495 5523 5463 5497 1720022
2010-02-04 5590 5618 5536 5573 2232436
2010-02-03 5580 5660 5549 5657 2583420
2010-02-02 5452 5529 5424 5497 2683812
2010-02-01 5420 5486 5345 5430 2245886
2010-01-29 5421 5441 5352 5378 1645452
2010-01-28 5500 5505 5383 5383 1442992
2010-01-27 5645 5665 5578 5584 1709924
2010-01-26 5657 5688 5633 5652 1961196
2010-01-25 5583 5625 5570 5605 1632596
2010-01-22 5650 5682 5533 5584 2615296
2010-01-21 5494 5701 5485 5680 3414108
2010-01-20 5519 5549 5470 5489 1788642
2010-01-19 5451 5483 5424 5451 1837926
2010-01-18 5380 5473 5367 5430 2381104
2010-01-15 5443 5488 5388 5391 2611636
2010-01-14 5450 5479 5322 5455 3022878
2010-01-13 5515 5608 5354 5377 2568264
2010-01-12 5573 5601 5527 5545 1555102
2010-01-11 5599 5665 5551 5613 2460750
2010-01-08 5601 5636 5360 5418 2356930
2010-01-07 5969 5985 5703 5794 2158418
2010-01-06 5913 5990 5888 5923 2337148
2010-01-05 5950 5993 5901 5925 2152544
2010-01-04 5803 5901 5800 5901 1145488
2009-12-31 5614 5766 5596 5761 1564322
2009-12-30 5670 5679 5585 5599 1866786
2009-12-29 5686 5723 5659 5690 1596956
2009-12-28 5633 5705 5602 5691 1766446
2009-12-25 5594 5652 5584 5637 1839716
2009-12-24 5460 5588 5448 5588 2008848
2009-12-23 5425 5448 5413 5447 1277618
2009-12-22 5380 5412 5366 5379 1195224
2009-12-21 5384 5438 5328 5413 2075258
2009-12-18 5412 5438 5356 5377 1388844
2009-12-17 5473 5490 5418 5419 1672588
2009-12-16 5408 5427 5383 5413 1544170
2009-12-15 5445 5468 5410 5438 2382570
2009-12-14 5412 5453 5321 5371 2075326
2009-12-11 5352 5397 5331 5395 1970478
2009-12-10 5378 5410 5256 5301 2586726
2009-12-09 5372 5468 5344 5364 2755374
2009-12-08 5410 5448 5341 5402 2746826
2009-12-07 5208 5418 5208 5392 2237288
2009-12-04 5222 5245 5192 5230 1535632
2009-12-03 5135 5238 5134 5234 1677106
2009-12-02 5075 5127 5065 5115 1502742
2009-12-01 5070 5085 5038 5059 1059992
2009-11-30 4980 5114 4975 5081 1546996
2009-11-27 4946 4971 4852 4909 1232110
2009-11-26 4975 5028 4949 4966 1351772
2009-11-25 4936 4968 4912 4964 1124684
2009-11-24 4990 5016 4902 4920 1717848
2009-11-23 4913 5038 4913 5032 1721826
2009-11-20 4830 4915 4830 4904 1297482
2009-11-19 4836 4865 4831 4845 722740
2009-11-18 4839 4856 4823 4839 764362
2009-11-17 4890 4894 4831 4837 1064038
2009-11-16 4803 4880 4772 4875 728014
2009-11-13 4790 4811 4768 4807 379106
2009-11-12 4829 4849 4786 4800 469164
2009-11-11 4625 4639 4615 4623 275444
2009-11-10 4660 4668 4625 4631 501726
2009-11-09 4661 4678 4652 4663 665932
2009-11-06 4630 4657 4626 4643 737610
2009-11-05 4652 4673 4628 4631 1061160
2009-11-04 4677 4705 4659 4668 2018964
2009-11-03 4648 4689 4621 4667 1754242
2009-11-02 4620 4653 4606 4629 1157156
2009-10-30 4682 4697 4610 4620 1500732
2009-10-29 4608 4639 4575 4635 1186638
2009-10-28 4620 4668 4612 4636 1338740
2009-10-27 4620 4651 4591 4625 1317584
2009-10-26 4550 4644 4546 4643 1321208
2009-10-23 4477 4558 4463 4538 1247156
2009-10-22 4506 4532 4492 4506 1117052
2009-10-21 4530 4539 4460 4479 1212166
2009-10-20 4589 4602 4535 4550 1486936
2009-10-19 4453 4626 4444 4585 1745656
2009-10-16 4468 4483 4431 4475 1294254
2009-10-15 4503 4520 4411 4430 1076940
2009-10-14 4550 4557 4507 4508 489196
2009-10-13 4508 4531 4493 4505 529422
2009-10-12 4492 4519 4453 4500 738042
2009-10-09 4582 4600 4551 4573 359860
2009-09-30 4662 4680 4633 4647 483174
2009-09-29 4600 4645 4571 4644 639558
2009-09-28 4580 4588 4535 4559 711404
2009-09-25 4556 4577 4521 4556 786792
2009-09-24 4600 4609 4545 4563 983622
2009-09-23 4686 4693 4580 4582 1142062
2009-09-22 4670 4690 4663 4674 608040
2009-09-21 4632 4695 4632 4667 1037012
2009-09-18 4677 4691 4641 4645 885574
2009-09-17 4688 4704 4665 4688 1035610
2009-09-16 4653 4665 4618 4650 878962
2009-09-15 4669 4684 4635 4644 1157394
2009-09-14 4612 4635 4541 4603 1330002
2009-09-11 4618 4705 4617 4676 2058704
2009-09-10 4580 4630 4576 4588 1404442
2009-09-09 4640 4664 4575 4596 2017116
2009-09-08 4483 4648 4481 4647 1871714
2009-09-07 4550 4568 4481 4498 1429440
2009-09-04 4637 4686 4545 4643 1989502
2009-09-03 4656 4734 4656 4670 2325450
2009-09-02 4601 4656 4570 4645 2457670
2009-09-01 4785 4833 4627 4654 3230686
2009-08-31 5019 5019 4703 4753 2841882
2009-08-28 4838 4958 4823 4924 2725854
2009-08-27 4724 4821 4704 4814 2191160
2009-08-26 4720 4748 4691 4699 1488424
2009-08-25 4691 4750 4661 4729 2127986
2009-08-24 4616 4698 4616 4697 1738752
2009-08-21 4594 4648 4556 4570 1927350
2009-08-20 4718 4799 4541 4676 2696542
2009-08-19 4881 4882 4686 4686 1010622
2009-08-18 4936 4965 4838 4872 1637148
2009-08-17 4795 4978 4771 4874 2818498
2009-08-14 4883 4900 4811 4853 1569618
2009-08-13 4951 5044 4906 4933 1929036
2009-08-12 4790 4973 4770 4858 2102198
2009-08-11 4838 4850 4730 4788 1355680
2009-08-10 4590 4616 4590 4616 64828
2009-08-07 4404 4462 4401 4443 975910
2009-08-06 4395 4429 4380 4383 896768
2009-08-05 4466 4496 4382 4385 1286028
2009-08-04 4452 4533 4426 4462 1628518
2009-08-03 4241 4394 4241 4394 619824
2009-07-31 4176 4260 4170 4243 792730
2009-07-30 4182 4188 4147 4153 252908
2009-07-29 4137 4192 4128 4185 324948
2009-07-28 3988 4018 3975 4006 280950
2009-07-27 4050 4050 3985 3996 382494
2009-07-24 4045 4063 4030 4045 284288
2009-07-23 4077 4078 4026 4045 453790
2009-07-22 4092 4111 4057 4069 488816
2009-07-21 4150 4153 4078 4083 295930
2009-07-20 4115 4159 4115 4146 220884
2009-07-17 4125 4129 4105 4115 228588
2009-07-16 4126 4147 4115 4133 326514
2009-07-15 4114 4128 4089 4118 502882
2009-07-14 4160 4174 4107 4114 610604
2009-07-13 4187 4190 4144 4147 246460
2009-07-10 4193 4212 4177 4178 211086
2009-07-09 4180 4195 4170 4193 164258
2009-07-08 4200 4200 4160 4167 254688
2009-07-07 4219 4227 4204 4209 173306
2009-07-06 4236 4245 4210 4217 197252
2009-07-03 4215 4231 4208 4218 215744
2009-07-02 4231 4257 4212 4221 397224
2009-07-01 4221 4248 4221 4237 331298
2009-06-30 4210 4226 4201 4223 317326
2009-06-29 4181 4199 4176 4186 201994
2009-06-26 4184 4241 4182 4188 633858
2009-06-25 4140 4177 4130 4161 449930
2009-06-24 4170 4192 4137 4156 782374
2009-06-23 4169 4173 4146 4154 286842
2009-06-22 4182 4199 4164 4166 358548
2009-06-19 4135 4192 4118 4187 674034
2009-06-18 4179 4184 4131 4136 264380
2009-06-17 4155 4185 4151 4174 351616
2009-06-16 4140 4168 4111 4161 454612
2009-06-15 4190 4196 4142 4154 349136
2009-06-12 4206 4222 4180 4190 262002
2009-06-11 4224 4224 4199 4199 207944
2009-06-10 4235 4243 4218 4222 194264
2009-06-09 4221 4236 4216 4225 252294
2009-06-08 4260 4276 4222 4226 424396
2009-06-05 4203 4258 4198 4247 569890
2009-06-04 4167 4195 4161 4189 214356
2009-06-03 4201 4215 4183 4187 338124
2009-06-02 4190 4239 4184 4211 542876
2009-06-01 4188 4212 4180 4187 259028
2009-05-27 4174 4181 4160 4169 182234
2009-05-26 4152 4187 4138 4162 369584
2009-05-25 4169 4171 4120 4143 273224
2009-05-22 4173 4185 4160 4167 173164
2009-05-21 4169 4186 4159 4163 204444
2009-05-20 4190 4190 4147 4165 405884
2009-05-19 4226 4228 4189 4196 249098
2009-05-18 4195 4202 4167 4196 356286
2009-05-15 4235 4243 4219 4225 208792
2009-05-14 4211 4234 4204 4218 409448
2009-05-13 4180 4256 4177 4239 657836
2009-05-12 4183 4186 4148 4176 261258
2009-05-11 4178 4188 4163 4168 203400
2009-05-08 4181 4195 4160 4192 260442
2009-05-07 4170 4203 4160 4177 347728
2009-05-06 4151 4166 4144 4154 244118
2009-05-05 4129 4176 4119 4138 481894
2009-05-04 4209 4225 4133 4135 584936
2009-05-01 4200 4205 4132 4161 453258
2009-04-30 4200 4205 4132 4161 453258
2009-04-29 4145 4210 4138 4208 609324
2009-04-28 4142 4144 4113 4137 271776
2009-04-27 4110 4165 4107 4134 498024
2009-04-24 4098 4112 4051 4073 406628
2009-04-23 4116 4147 4016 4086 572846
2009-04-22 4138 4150 4096 4115 269314
2009-04-21 4070 4150 4066 4125 699600
2009-04-20 3818 3820 3798 3804 196448
2009-04-17 3825 3840 3805 3815 280332
2009-04-16 3830 3845 3798 3825 424210
2009-04-15 3866 3870 3805 3828 406030
2009-04-14 3864 3885 3849 3866 560270
2009-04-13 3879 3904 3833 3848 932200
2009-04-10 3772 3897 3765 3873 1783466
2009-04-09 3748 3784 3726 3766 1028758
2009-04-08 3785 3792 3730 3734 899084
2009-04-07 3787 3809 3780 3790 594594
2009-04-03 3816 3825 3792 3805 728984
2009-04-02 3800 3828 3782 3801 965532
2009-04-01 3845 3852 3792 3802 1000710
2009-03-31 3840 3865 3805 3820 1550832
2009-03-30 3760 3858 3735 3856 1613886
2009-03-27 3772 3803 3756 3773 919568
2009-03-26 3810 3813 3751 3762 1350890
2009-03-25 3820 3828 3806 3812 774116
2009-03-24 3799 3862 3799 3825 1470658
2009-03-23 3810 3841 3796 3814 1305278
2009-03-20 3861 3875 3800 3814 1798498
2009-03-19 3813 3840 3779 3839 2380138
2009-03-18 3857 3905 3794 3799 2634112
2009-03-17 3862 3881 3824 3844 2103100
2009-03-16 3824 3906 3816 3862 2056948
2009-03-13 3773 3820 3762 3819 1685056
2009-03-12 3748 3775 3730 3762 1801138
2009-03-11 3663 3760 3658 3742 2382818
2009-03-10 3600 3659 3583 3657 1305486
2009-03-09 3671 3671 3599 3601 1275694
2009-03-06 3647 3670 3633 3666 1107802
2009-03-05 3665 3683 3643 3658 1460278
2009-03-04 3630 3653 3590 3646 2023086
2009-03-03 3640 3691 3619 3626 1416790
2009-03-02 3720 3728 3670 3697 1510138
2009-02-27 3756 3758 3666 3729 1789196
2009-02-26 3703 3754 3690 3733 2079082
2009-02-25 3705 3718 3638 3667 1493748
2009-02-24 3680 3712 3630 3666 1763398
2009-02-23 3591 3684 3588 3678 1801924
2009-02-20 3562 3601 3542 3589 1368348
2009-02-19 3580 3580 3512 3545 1725622
2009-02-18 3613 3636 3511 3560 2306354
2009-02-17 3555 3679 3536 3630 2020080
2009-02-16 3610 3676 3540 3568 2005276
2009-02-13 3512 3582 3501 3580 1534300
2009-02-12 3405 3500 3405 3499 1400708
2009-02-11 3403 3442 3361 3386 1108092
2009-02-10 3408 3459 3365 3441 955720
2009-02-09 3388 3456 3385 3416 872742
2009-02-06 3286 3392 3276 3373 991000
2009-02-05 3267 3286 3259 3267 444102
2009-02-04 3255 3307 3245 3268 900716
2009-02-03 3205 3263 3193 3263 624612
2009-02-02 3152 3208 3149 3201 385738
2009-01-23 3155 3158 3128 3149 124390
2009-01-22 3141 3180 3141 3153 260864
2009-01-21 3135 3164 3127 3136 261040
2009-01-20 3201 3205 3116 3129 416218
2009-01-19 3199 3225 3184 3202 464156
2009-01-16 3200 3214 3185 3197 449234
2009-01-15 3038 3075 3016 3020 609648
2009-01-14 2973 3066 2973 3044 1040086
2009-01-13 2960 2987 2940 2949 958818
2009-01-12 2888 3007 2886 2991 1476070
2009-01-09 2892 2930 2864 2878 897610
2009-01-08 2880 2904 2862 2891 680958
2009-01-07 2930 2968 2901 2903 1059758
2009-01-06 2880 2950 2871 2936 1164458
2009-01-05 2955 2955 2880 2902 1117452
2008-12-31 2880 2883 2835 2852 862886
2008-12-30 2888 2906 2870 2877 765168
2008-12-29 2960 2961 2869 2898 1120988
2008-12-26 2974 2976 2900 2943 1337770
2008-12-25 3056 3078 2961 2964 1405964
2008-12-24 3072 3075 3045 3051 391058
2008-12-23 3065 3091 3058 3061 426124
2008-12-22 3049 3120 3044 3074 974868
2008-12-19 3044 3080 3036 3060 387142
2008-12-18 3057 3064 3038 3051 481746
2008-12-17 3061 3105 3048 3066 776320
2008-12-16 3059 3067 3026 3044 646442
2008-12-15 3074 3090 3066 3078 724640
2008-12-12 3079 3104 3060 3076 957462
2008-12-11 3102 3118 3070 3082 847014
2008-12-10 3047 3130 3047 3100 1160558
2008-12-09 3065 3079 3040 3048 989408
2008-12-08 3140 3140 3000 3057 2061650
2008-12-05 3117 3150 3088 3137 2492622
2008-12-04 3098 3190 3080 3124 1737360
2008-12-03 3059 3078 3049 3073 827288
2008-12-02 3033 3082 3033 3053 1226096
2008-12-01 3098 3110 3046 3054 1107780
2008-11-28 3149 3164 3102 3118 1448822
2008-11-27 3207 3210 3150 3154 1060424
2008-11-26 3140 3209 3130 3185 1550002
2008-11-25 3259 3260 3150 3157 1553286
2008-11-24 3276 3316 3237 3247 946972
2008-11-21 3260 3279 3203 3259 2073050
2008-11-20 3272 3294 3255 3277 1313770
2008-11-19 3275 3298 3258 3285 1655886
2008-11-18 3230 3309 3180 3256 2217490
2008-11-17 3250 3251 3205 3227 1667636
2008-11-14 3148 3239 3130 3227 2259194
2008-11-13 3130 3163 3062 3147 2061980
2008-11-12 3151 3200 3086 3136 1811290
2008-11-11 3280 3295 3188 3188 1369846
2008-11-10 3349 3362 3292 3301 1738232
2008-11-07 3310 3348 3271 3325 2530792
2008-11-06 3201 3323 3200 3307 2804490
2008-11-05 3196 3236 3184 3233 1617776
2008-11-04 3207 3210 3156 3164 1136954
2008-11-03 3220 3246 3198 3210 1910438
2008-10-31 3155 3290 3127 3276 2829194
2008-10-30 3210 3253 3162 3194 2520796
2008-10-29 3186 3208 3146 3151 1574732
2008-10-28 3208 3230 3149 3213 1823174
2008-10-27 3213 3256 3140 3158 2275018
2008-10-24 3300 3324 3181 3213 3095374
2008-10-23 3111 3266 3081 3266 4307714
2008-10-22 3140 3195 3081 3129 2799072
2008-10-21 3210 3210 3096 3160 2052628
2008-10-20 3210 3268 3168 3255 2202902
2008-10-17 3100 3115 3055 3115 1455866
2008-10-16 2950 3038 2942 3002 4182228
2008-10-15 2900 3009 2869 3000 3458800
2008-10-14 2985 3049 2913 2921 1541144
2008-10-13 2800 2925 2800 2925 968476
2008-10-10 2866 2868 2789 2807 1965942
2008-10-09 2879 2915 2865 2899 1197920
2008-10-08 2910 2935 2843 2870 1117194
2008-10-07 2843 2939 2843 2930 1501324
2008-10-06 3025 3025 3025 3025 6908
2008-09-26 3181 3185 3127 3128 541410
2008-09-25 3161 3184 3153 3169 409310
2008-09-24 3187 3190 3158 3162 610602
2008-09-23 3239 3242 3183 3190 599630
2008-09-22 3201 3228 3177 3221 1011268
2008-09-19 3200 3220 3188 3192 487562
2008-09-18 3268 3272 3210 3224 568172
2008-09-17 3255 3267 3230 3253 545650
2008-09-16 3270 3286 3235 3248 1048350
2008-09-15 3282 3310 3278 3298 542806
2008-09-12 3282 3310 3278 3300 532084
2008-09-11 3312 3336 3271 3291 857158
2008-09-10 3276 3300 3228 3296 544122
2008-09-09 3220 3225 3179 3189 698980
2008-09-08 3225 3238 3215 3225 472906
2008-09-05 3220 3243 3208 3226 748376
2008-09-04 3231 3272 3182 3238 1402744
2008-09-03 3250 3261 3233 3236 957180
2008-09-02 3288 3310 3236 3240 1347874
2008-09-01 3295 3345 3278 3313 1469786
2008-08-29 3225 3340 3221 3309 1585738
2008-08-28 3237 3250 3223 3237 583264
2008-08-27 3278 3279 3248 3267 701112
2008-08-26 3275 3276 3212 3252 1021096
2008-08-25 3278 3291 3267 3281 573922
2008-08-22 3279 3296 3263 3284 1002256
2008-08-21 3270 3284 3240 3257 1162634
2008-08-20 3280 3310 3262 3281 1257580
2008-08-19 3325 3330 3252 3262 1243228
2008-08-18 3312 3331 3293 3321 983056
2008-08-15 3321 3344 3280 3281 1169838
2008-08-14 3450 3472 3346 3357 1710062
2008-08-13 3362 3450 3345 3430 1548956
2008-08-12 3320 3362 3300 3355 1135006
2008-08-11 3290 3346 3272 3323 1473678
2008-08-08 3307 3323 3270 3307 1059426
2008-08-07 3342 3360 3295 3331 957512
2008-08-06 3317 3350 3315 3347 984520
2008-08-05 3325 3347 3288 3295 1834742
2008-08-04 3483 3501 3350 3370 1886538
2008-08-01 3488 3512 3458 3484 1400002
2008-07-31 3502 3507 3475 3477 1253400
2008-07-30 3473 3517 3455 3476 1761682
2008-07-29 3473 3497 3445 3449 1501140
2008-07-28 3482 3550 3451 3478 2087724
2008-07-25 3415 3489 3404 3475 1725542
2008-07-24 3378 3415 3344 3409 1485576
2008-07-23 3347 3401 3323 3369 1395862
2008-07-22 3445 3462 3335 3358 1234312
2008-07-21 3491 3494 3445 3446 624180
2008-07-20 3510 3520 3485 3497 612224
2008-07-17 3598 3598 3575 3582 190132
2008-07-16 3579 3619 3579 3595 755170
2008-07-15 3590 3600 3570 3580 510976
2008-07-14 3604 3633 3588 3601 684896
2008-07-11 3556 3647 3550 3618 752064
2008-07-10 3590 3592 3542 3554 740246
2008-07-09 3616 3627 3568 3591 719710
2008-07-08 3620 3640 3583 3613 777998
2008-07-07 3649 3665 3619 3642 784056
2008-07-04 3735 3735 3619 3652 931680
2008-07-03 3789 3794 3700 3730 576542
2008-07-02 3790 3800 3772 3780 590358
2008-07-01 3796 3811 3762 3770 783376
2008-06-30 3788 3798 3757 3782 511462
2008-06-27 3805 3819 3766 3779 612112
2008-06-26 3769 3808 3748 3785 681642
2008-06-25 3718 3802 3681 3768 1188428
2008-06-24 3900 3912 3770 3770 903562
2008-06-23 3935 3950 3912 3914 613090
2008-06-20 3935 3945 3906 3926 763796
2008-06-19 4050 4068 3947 3951 1539200
2008-06-18 3922 4065 3916 4043 1642306
2008-06-17 3921 3937 3916 3923 499328
2008-06-16 3930 3935 3907 3915 521264
2008-06-13 3915 3927 3882 3918 783858
2008-06-12 3975 3975 3911 3913 860574
2008-06-11 3904 3923 3879 3917 668762
2008-06-10 3916 3931 3900 3902 557604
2008-06-09 3935 3949 3894 3917 1200096
2008-06-06 3935 3949 3894 3917 1200096
2008-06-05 3919 3920 3894 3916 625222
2008-06-04 3856 3904 3856 3901 582272
2008-06-03 3926 3932 3883 3898 810178
2008-06-02 3925 3936 3903 3908 970138
2008-05-30 3874 3923 3855 3897 1209418
2008-05-29 3925 3945 3890 3892 1164134
2008-05-28 3856 3928 3840 3922 1095776
2008-05-27 3885 3894 3860 3873 869402
2008-05-26 3833 3899 3823 3884 1118200
2008-05-23 3801 3838 3791 3837 541086
2008-05-22 3870 3879 3814 3825 769314
2008-05-21 3822 3862 3822 3851 660352
2008-05-20 3860 3874 3826 3834 723232
2008-05-19 3918 3926 3875 3893 677336
2008-05-16 3920 3961 3905 3908 973806
2008-05-15 3881 3923 3876 3920 889718
2008-05-14 3890 3908 3871 3887 754336
2008-05-13 3949 3971 3914 3936 980440
2008-05-12 3902 3986 3902 3959 1382940
2008-05-09 3879 3904 3871 3888 991166
2008-05-08 3910 3929 3859 3889 1437536
2008-05-07 3980 4007 3903 3907 1675354
2008-05-06 3885 4028 3853 3975 1674422
2008-05-05 3833 3895 3820 3889 1066370
2008-05-02 3863 3887 3819 3826 1059514
2008-05-01 3863 3887 3819 3826 1059514
2008-04-30 3863 3887 3819 3826 1059514
2008-04-29 3880 3892 3858 3877 1094450
2008-04-28 3839 3902 3839 3901 1335020
2008-04-25 3805 3874 3798 3827 1488996
2008-04-24 3800 3862 3790 3853 1327848
2008-04-23 3840 3852 3798 3825 1417376
2008-04-22 3800 3825 3723 3808 1409570
2008-04-21 4047 4047 3924 3924 405638
2008-04-18 4096 4131 4058 4061 2027298
2008-04-17 4131 4180 4084 4103 1848312
2008-04-16 4067 4199 4035 4148 2286458
2008-04-15 4007 4074 3996 4067 1622514
2008-04-14 3940 4028 3913 4004 1348578
2008-04-11 4029 4029 3948 3950 1149552
2008-04-10 4083 4092 4008 4036 1438782
2008-04-09 3922 4040 3908 4034 1602078
2008-04-08 3963 3998 3920 3939 1349296
2008-04-07 3880 3955 3834 3952 1304044
2008-04-04 4000 4000 3883 3913 1147210
2008-04-03 4000 4000 3883 3913 1147210
2008-04-02 3987 4005 3926 3964 756858
2008-04-01 3790 3817 3677 3709 1034854
2008-03-31 4135 4155 4088 4132 686108
2008-03-28 4200 4219 4135 4163 721408
2008-03-27 4188 4255 4171 4201 828764
2008-03-26 4265 4276 4190 4193 665348
2008-03-25 4215 4258 4139 4255 749078
2008-03-24 4011 4020 3922 3923 567768
2008-03-21 3995 4031 3980 3999 592322
2008-03-20 3875 4003 3872 3976 1044716
2008-03-19 3980 4009 3932 3976 635790
2008-03-18 3951 4007 3951 3951 682032
2008-03-17 4180 4186 4066 4066 1060082
2008-03-14 4245 4262 4212 4229 781954
2008-03-13 4225 4254 4151 4229 1119658
2008-03-12 4390 4400 4211 4215 1030116
2008-03-11 4399 4412 4361 4380 861824
2008-03-10 4290 4399 4278 4383 1640566
2008-03-07 4353 4396 4313 4336 1095062
2008-03-06 4549 4570 4395 4452 1267154
2008-03-05 4501 4580 4484 4496 920882
2008-03-04 4792 4844 4450 4584 1529252
2008-03-03 4680 4761 4651 4761 960366
2008-02-29 4530 4630 4502 4605 1455132
2008-02-28 4545 4572 4489 4523 1378446
2008-02-27 4560 4588 4443 4535 1560216
2008-02-26 4523 4544 4439 4516 1525234
2008-02-25 4650 4696 4475 4520 1837872
2008-02-22 4700 4733 4613 4643 1439650
2008-02-21 4620 4750 4598 4707 1399498
2008-02-20 4540 4628 4481 4612 818586
2008-02-19 4290 4357 4230 4345 780858
2008-02-18 4262 4290 4262 4290 278650
2008-02-15 4098 4188 4046 4170 929042
2008-02-14 4040 4135 4028 4047 514830
2008-02-13 3900 4010 3884 4010 370162
2008-02-05 3862 3882 3837 3867 170678
2008-02-04 3907 3921 3863 3870 216428
2008-02-01 3850 3880 3842 3878 260756
2008-01-31 3828 3850 3820 3841 237948
2008-01-29 3842 3855 3806 3828 337020
2008-01-28 3799 3873 3790 3822 472554
2008-01-25 3754 3773 3748 3763 220452
2008-01-24 3714 3764 3712 3752 283690
2008-01-23 3740 3746 3714 3736 385968
2008-01-22 3724 3754 3693 3707 534422
2008-01-21 3790 3798 3760 3778 429714
2008-01-18 3837 3860 3770 3818 504210
2008-01-17 3810 3833 3755 3802 620780
2008-01-16 3945 3951 3818 3818 366386
2008-01-15 3984 4012 3942 3955 499384
2008-01-14 3986 3988 3960 3974 263820
2008-01-11 4037 4037 3982 3991 379836
2008-01-10 4008 4039 3997 4039 630752
2008-01-09 4000 4018 3976 3996 368060
2008-01-08 4004 4032 3991 4005 493698
2008-01-07 4005 4019 3963 4009 491090
2008-01-04 3966 3999 3960 3991 553988
2008-01-03 3954 3966 3911 3925 360378
2008-01-02 3933 3968 3927 3955 331010
2008-01-01 3980 3990 3933 3952 412180
2007-12-31 3980 3990 3933 3952 412180
2007-12-28 3980 3990 3933 3952 412180
2007-12-27 4043 4076 3974 3980 526244
2007-12-26 4007 4064 4003 4059 418924
2007-12-25 4049 4058 4010 4012 314674
2007-12-24 4037 4069 4015 4050 557812
2007-12-21 4091 4093 4039 4040 617476
2007-12-20 4033 4050 4018 4045 594256
2007-12-19 4039 4052 4002 4011 591678
2007-12-18 4098 4123 4036 4045 1094826
2007-12-17 4058 4096 4058 4064 801810
2007-12-14 3957 4035 3953 4029 700072
2007-12-13 3961 3984 3947 3959 414698
2007-12-12 3988 4011 3940 3944 585662
2007-12-11 3930 3991 3929 3967 645454
2007-12-10 3913 3927 3873 3904 405840
2007-12-07 3918 3922 3886 3912 358816
2007-12-06 3964 3975 3903 3909 325708
2007-12-05 3940 3963 3930 3960 340032
2007-12-04 3920 3941 3907 3938 256922
2007-12-03 3935 3960 3912 3928 264132
2007-11-30 3970 3974 3931 3945 348160
2007-11-29 3961 4015 3961 4003 496462
2007-11-28 3943 3956 3920 3929 368240
2007-11-27 3989 4009 3949 3952 425940
2007-11-26 4023 4060 3993 4015 434192
2007-11-23 3947 4023 3945 4008 422136
2007-11-22 3860 3881 3839 3855 330038
2007-11-21 3865 3893 3837 3866 482712
2007-11-20 3801 3859 3758 3854 532110
2007-11-19 3801 3823 3779 3815 345778
2007-11-16 3805 3814 3778 3799 450842
2007-11-15 3861 3871 3811 3820 372304
2007-11-14 3816 3850 3806 3847 367866
2007-11-13 3855 3858 3808 3823 524380
2007-11-12 3900 3908 3861 3866 477862
2007-11-09 3899 3939 3880 3924 523120
2007-11-08 3885 3913 3863 3895 514444
2007-11-07 3896 3936 3885 3901 724578
2007-11-06 3892 3896 3838 3865 564324
2007-11-05 3880 3907 3850 3886 666482
2007-11-02 3938 3949 3869 3872 622674
2007-11-01 4001 4007 3923 3967 661146
2007-10-31 4038 4038 3956 3971 575120
2007-10-30 4094 4109 4046 4057 631166
2007-10-29 4008 4115 4005 4114 894388
2007-10-26 4002 4018 3970 4012 842220
2007-10-25 4064 4085 3956 3978 801098
2007-10-24 4062 4076 4041 4063 582212
2007-10-23 4085 4108 4026 4061 808200
2007-10-22 4149 4150 4068 4071 875414
2007-10-19 4187 4187 4140 4165 691576
2007-10-18 4181 4208 4115 4161 1001272
2007-10-17 4226 4235 4160 4175 958050
2007-10-16 4165 4225 4150 4206 985280
2007-10-15 4092 4138 4078 4136 885980
2007-10-12 4122 4155 4076 4090 1050206
2007-10-11 4062 4117 4057 4108 1258186
2007-10-10 4050 4130 4028 4082 1360282
2007-10-09 3915 4049 3915 4039 1057674
2007-10-08 3870 3924 3865 3921 490786
2007-09-28 3890 3916 3885 3916 395748
2007-09-27 3885 3909 3866 3871 489110
2007-09-26 3855 3897 3841 3890 539038
2007-09-25 3890 3895 3852 3863 485456
2007-09-24 3885 3912 3867 3883 598266
2007-09-21 3933 3949 3875 3889 1071286
2007-09-20 3880 3931 3854 3918 1011488
2007-09-19 3904 3925 3819 3829 649094
2007-09-18 3878 3905 3855 3904 647340
2007-09-17 3791 3882 3787 3878 675578
2007-09-14 3748 3772 3741 3767 298526
2007-09-13 3772 3799 3750 3755 514364
2007-09-12 3716 3772 3711 3771 530600
2007-09-11 3692 3729 3680 3711 419654
2007-09-10 3750 3750 3701 3703 384818
2007-09-07 3765 3782 3745 3748 395632
2007-09-06 3761 3785 3740 3767 442146
2007-09-05 3763 3773 3735 3762 531398
2007-09-04 3821 3848 3748 3751 665344
2007-09-03 3812 3850 3805 3825 443518
2007-08-31 3829 3863 3821 3822 544530
2007-08-30 3755 3817 3740 3809 499728
2007-08-29 3724 3769 3721 3751 406774
2007-08-28 3768 3768 3723 3730 485500
2007-08-27 3750 3792 3738 3761 512266
2007-08-24 3820 3834 3773 3776 396272
2007-08-23 3870 3872 3824 3835 525462
2007-08-22 3775 3833 3759 3818 569006
2007-08-21 3836 3849 3774 3804 566016
2007-08-20 3653 3793 3640 3789 231532
2007-08-17 3653 3717 3640 3686 349140
2007-08-16 3775 3778 3727 3740 233086
2007-08-15 3788 3795 3765 3771 246286
2007-08-14 3750 3775 3723 3751 315190
2007-08-13 3803 3810 3743 3767 370214
2007-08-10 3867 3877 3815 3844 459710
2007-08-09 3779 3898 3776 3876 689460
2007-08-08 3810 3835 3753 3777 462184
2007-08-07 3885 3907 3860 3877 327200
2007-08-06 3810 3888 3810 3888 240422
2007-08-03 3735 3770 3712 3743 413140
2007-08-02 3698 3798 3679 3740 738536
2007-08-01 3724 3745 3670 3681 534108
2007-07-31 3586 3699 3586 3699 618094
2007-07-30 3509 3591 3502 3584 317536
2007-07-27 3530 3545 3512 3519 201096
2007-07-26 3540 3553 3522 3535 221654
2007-07-25 3526 3556 3510 3532 390312
2007-07-24 3466 3528 3466 3519 273490
2007-07-23 3489 3502 3472 3480 180216
2007-07-20 3461 3489 3456 3481 184716
2007-07-19 3441 3458 3436 3446 144686
2007-07-18 3392 3429 3380 3424 83924
2007-07-16 3392 3428 3380 3409 207972
2007-07-13 3392 3428 3380 3409 207972
2007-07-12 3420 3428 3388 3401 203934
2007-07-11 3468 3470 3411 3415 219222
2007-07-10 3475 3476 3465 3469 145584
2007-07-09 3472 3479 3455 3465 122316
2007-07-06 3476 3491 3464 3473 138322
2007-07-05 3474 3480 3462 3479 127998
2007-07-04 3499 3503 3466 3468 148748
2007-07-03 3462 3495 3453 3488 151870
2007-07-02 3471 3490 3451 3484 170654
2007-06-29 3511 3513 3463 3474 216150
2007-06-28 3535 3540 3514 3522 128030
2007-06-27 3563 3572 3536 3540 158234
2007-06-26 3560 3572 3526 3546 169856
2007-06-25 3590 3616 3572 3577 247764
2007-06-22 3540 3602 3536 3597 245708
2007-06-21 3523 3536 3521 3532 66566
2007-06-20 3538 3553 3523 3525 90882
2007-06-19 3575 3578 3545 3546 126346
2007-06-18 3517 3535 3506 3535 112762
2007-06-15 3520 3520 3496 3503 93506
2007-06-14 3560 3561 3506 3514 125968
2007-06-13 3573 3584 3555 3560 107952
2007-06-12 3607 3612 3586 3592 76104
2007-06-11 3586 3600 3571 3588 85610
2007-06-08 3601 3609 3565 3568 95916
2007-06-07 3631 3635 3601 3604 90646
2007-06-06 3597 3625 3582 3619 109556
2007-06-05 3602 3629 3601 3628 100348
2007-06-04 3639 3667 3637 3642 131684
2007-06-01 3620 3645 3611 3634 139526
2007-05-31 3594 3631 3570 3627 141826
2007-05-30 3580 3653 3585 3586 81658
2007-05-29 3580 3653 3552 3644 76002
2007-05-28 3580 3653 3552 3642 98532
2007-05-25 3712 3722 3682 3688 102244
2007-05-24 3696 3710 3684 3693 86638
2007-05-23 3706 3717 3683 3698 121364
2007-05-22 3722 3735 3713 3724 113462
2007-05-21 3678 3701 3665 3687 149900
2007-05-18 3694 3706 3662 3691 165770
2007-05-17 3733 3738 3686 3694 139988
2007-05-16 3729 3748 3713 3724 207986
2007-05-15 3790 3810 3768 3791 224730
2007-05-14 3785 3815 3774 3815 190780
2007-05-11 3750 3795 3742 3771 196902
2007-05-10 3799 3819 3750 3753 190026
2007-05-09 3772 3798 3765 3791 138590
2007-05-08 3749 3788 3732 3785 124804
2007-04-30 3698 3733 3690 3722 81026
2007-04-27 3758 3764 3716 3717 86160
2007-04-26 3742 3776 3738 3755 85846
2007-04-25 3710 3738 3702 3728 78974
2007-04-24 3681 3730 3677 3719 73124
2007-04-23 3770 3787 3691 3693 34428
2007-04-20 3770 3787 3749 3763 40072
2007-04-19 3715 3739 3696 3723 55728
2007-04-18 3780 3782 3728 3739 64680
2007-04-17 3788 3797 3775 3781 61588
2007-04-16 3858 3866 3814 3827 75642
2007-04-13 3808 3868 3808 3867 83138
2007-04-12 3831 3840 3816 3821 63270
2007-04-11 3849 3859 3810 3817 108760
2007-04-10 3875 3894 3852 3886 112404
2007-04-09 3912 3918 3859 3865 103012
2007-04-06 3921 3934 3908 3912 93356
2007-04-05 3920 3934 3907 3907 81738
2007-04-04 3908 3936 3905 3926 116840
2007-04-03 3890 3917 3880 3906 109564
2007-04-02 3881 3907 3880 3905 96168
2007-03-30 3928 3930 3890 3891 175516
2007-03-29 3963 3977 3944 3954 114980
2007-03-28 4011 4018 3961 3969 136040
2007-03-27 3990 4011 3981 3989 155070
2007-03-26 4040 4059 4026 4033 171994
2007-03-23 4027 4052 4012 4047 176702
2007-03-22 4038 4062 4008 4015 225032
2007-03-21 4034 4068 4019 4026 190754
2007-03-20 3984 4038 3982 4031 118668
2007-03-19 3863 3904 3860 3904 52604
2007-03-16 3870 3876 3853 3863 75024
2007-03-15 3896 3890 3881 3886 77738
2007-03-14 3888 3910 3879 3894 93830
2007-03-13 3929 3929 3883 3896 125366
2007-03-12 3915 3942 3910 3934 118610
2007-03-09 3876 3913 3870 3907 165496
2007-03-08 3830 3881 3826 3879 106992
2007-03-07 3836 3842 3821 3835 47446
2007-03-06 3800 3841 3795 3838 83308
2007-03-05 3852 3868 3823 3830 107818
2007-03-02 3822 3850 3822 3836 99302
2007-03-01 3810 3827 3783 3788 133038
2007-02-28 3785 3838 3771 3831 184872
2007-02-27 3788 3809 3776 3783 76536
2007-02-26 3815 3815 3761 3794 76524
2007-02-16 3773 3818 3770 3817 85146
2007-02-15 3716 3749 3712 3743 67622
2007-02-14 3668 3712 3668 3712 49600
2007-02-13 3668 3681 3668 3678 17090
2007-02-12 3690 3697 3673 3677 38150
2007-02-09 3690 3695 3677 3679 42492
2007-02-08 3662 3678 3651 3677 53752
2007-02-07 3700 3701 3671 3674 94678
2007-02-06 3735 3758 3711 3719 109882
2007-02-05 3710 3753 3705 3738 121294
2007-02-02 3705 3728 3684 3720 131186
2007-02-01 3726 3756 3711 3714 211268
2007-01-31 3667 3737 3654 3732 189834
2007-01-30 3629 3680 3629 3656 88506
2007-01-29 3635 3649 3628 3649 44720
2007-01-26 3636 3638 3616 3628 47676
2007-01-25 3640 3670 3631 3637 61086
2007-01-24 3629 3657 3622 3639 67290
2007-01-23 3629 3644 3623 3637 50292
2007-01-22 3627 3635 3607 3621 59190
2007-01-19 3626 3633 3614 3628 55138
2007-01-18 3650 3653 3602 3623 125218
2007-01-17 3654 3675 3653 3659 40866
2007-01-16 3665 3667 3650 3666 50496
2007-01-15 3678 3697 3656 3678 133258
2007-01-12 3655 3665 3631 3647 114326
2007-01-11 3662 3689 3660 3672 98192
2007-01-10 3650 3670 3648 3661 61946
2007-01-09 3671 3672 3638 3663 103596
2007-01-08 3650 3685 3649 3660 114822
2007-01-05 3650 3672 3620 3659 165060
2007-01-04 3715 3738 3648 3649 133362
2006-12-29 3748 3780 3742 3773 83506
2006-12-28 3733 3743 3730 3741 44656
2006-12-27 3730 3749 3727 3734 72710
2006-12-26 3730 3754 3715 3743 90750
2006-12-25 3730 3745 3721 3733 100634
2006-12-22 3770 3758 3732 3741 117162
2006-12-21 3760 3780 3760 3769 89394
2006-12-20 3759 3787 3753 3772 94290
2006-12-19 3786 3797 3763 3768 92836
2006-12-18 3763 3768 3740 3759 85774
2006-12-15 3784 3784 3756 3772 91776
2006-12-14 3754 3790 3731 3781 136160
2006-12-13 3767 3758 3742 3744 134370
2006-12-12 3790 3809 3776 3786 158732
2006-12-11 3766 3795 3766 3783 115830
2006-12-08 3730 3762 3720 3754 153276
2006-12-07 3715 3758 3694 3747 221638
2006-12-06 3792 3747 3731 3744 205564
2006-12-05 3735 3799 3718 3782 236506
2006-12-04 3805 3815 3753 3772 236694
2006-12-01 3938 3939 3816 3829 295434
2006-11-30 3984 4000 3950 3960 179074
2006-11-29 3950 3974 3895 3920 214886
2006-11-28 3915 3988 3909 3927 269106
2006-11-27 3899 3913 3852 3890 204788
2006-11-24 3893 3921 3876 3891 188920
2006-11-23 3850 3917 3841 3902 256304
2006-11-22 3868 3880 3835 3869 210554
2006-11-21 3885 3887 3833 3860 259464
2006-11-20 3976 3982 3863 3868 332452
2006-11-17 3954 3975 3923 3941 255026
2006-11-16 3988 4012 3956 4010 317556
2006-11-15 3960 4020 3953 4014 383978
2006-11-14 3980 3984 3921 3929 405954
2006-11-13 3890 3984 3885 3982 516530
2006-11-10 3914 3949 3891 3916 503490
2006-11-09 3810 3895 3810 3882 460900
2006-11-08 3770 3782 3745 3754 77920
2006-11-07 3812 3823 3800 3808 106890
2006-11-06 3832 3865 3805 3830 326224
2006-11-03 3832 3865 3805 3818 82256
2006-11-02 3825 3844 3801 3813 90942
2006-11-01 3752 3830 3752 3827 399750
2006-10-27 3816 3836 3784 3825 451920
2006-10-26 3780 3852 3775 3802 585032
2006-10-25 3845 3855 3766 3768 459350
2006-10-24 3908 3917 3825 3836 492700
2006-10-23 3731 3861 3722 3861 308418
2006-10-20 3715 3733 3688 3729 315190
2006-10-19 3640 3731 3621 3712 539088
2006-10-18 3723 3765 3641 3664 505454
2006-10-17 3640 3656 3600 3610 61252
2006-10-16 3512 3607 3508 3607 329114
2006-10-13 3440 3508 3439 3494 196406
2006-10-12 3410 3436 3403 3430 125362
2006-10-11 3406 3437 3404 3415 138456
2006-10-10 3422 3467 3417 3431 176190
2006-10-09 3342 3421 3338 3416 158382
2006-09-29 3355 3365 3336 3341 141534
2006-09-28 3362 3368 3322 3337 220298
2006-09-27 3377 3389 3352 3366 236812
2006-09-26 3318 3378 3309 3378 339416
2006-09-25 3284 3352 3284 3324 238802
2006-09-22 3399 3446 3395 3419 281826
2006-09-21 3446 3499 3420 3467 381576
2006-09-20 3539 3566 3433 3434 490512
2006-09-19 3500 3576 3471 3566 449016
2006-09-18 3450 3511 3441 3511 257782
2006-09-15 3380 3447 3368 3432 217186
2006-09-14 3430 3445 3388 3424 306858
2006-09-13 3345 3374 3301 3338 320684
2006-09-12 3368 3403 3344 3351 274430
2006-09-11 3518 3526 3374 3398 389716
2006-09-08 3360 3477 3315 3470 428834
2006-09-07 3381 3395 3358 3375 227680
2006-09-06 3395 3412 3341 3370 312164
2006-09-05 3362 3427 3336 3385 383044
2006-09-04 3370 3445 3309 3343 553748
2006-09-01 3302 3376 3297 3376 185572
2006-08-31 3225 3285 3210 3272 344162
2006-08-30 3358 3286 3228 3255 322846
2006-08-29 3358 3364 3280 3283 222046
2006-08-28 3395 3415 3362 3370 202538
2006-08-25 3367 3388 3354 3385 225408
2006-08-24 3400 3405 3339 3383 430474
2006-08-23 3421 3442 3343 3360 295072
2006-08-22 3446 3462 3393 3419 274432
2006-08-21 3548 3550 3426 3433 272642
2006-08-18 3470 3559 3470 3558 238494
2006-08-17 3476 3521 3476 3511 192996
2006-08-16 3510 3534 3493 3495 221942
2006-08-15 3442 3556 3442 3488 343658
2006-08-14 3680 3680 3614 3614 128586
2006-08-11 3772 3803 3731 3733 187230
2006-08-10 3799 3830 3781 3801 199480
2006-08-09 3824 3865 3770 3806 414186
2006-08-08 3730 3847 3724 3832 327300
2006-08-07 3840 3810 3739 3742 168334
2006-08-04 3819 3850 3817 3834 110902
2006-08-03 3855 3872 3818 3830 189920
2006-08-02 3888 3920 3875 3892 155022
2006-08-01 3960 3966 3872 3877 196926
2006-07-31 3892 3974 3891 3967 262580
2006-07-28 3850 3889 3845 3888 137214
2006-07-27 3855 3893 3838 3870 164996
2006-07-26 3826 3898 3825 3870 271184
2006-07-25 3885 3893 3852 3864 264052
2006-07-24 3909 3918 3858 3860 221444
2006-07-21 3870 3918 3847 3910 308452
2006-07-20 3955 3974 3888 3890 238426
2006-07-19 4015 4038 3975 3995 226520
2006-07-18 4136 4149 4114 4118 56134
2006-07-17 4136 4149 4114 4118 56134
2006-07-14 4136 4149 4120 4148 140620
2006-07-13 4083 4125 4083 4118 167042
2006-07-12 4139 4150 4113 4136 245008
2006-07-11 4080 4159 4051 4146 369554
2006-07-10 4185 4195 4123 4128 238726
2006-07-07 4300 4314 4227 4228 297738
2006-07-06 4236 4299 4194 4271 428484
2006-07-05 4181 4206 4138 4172 232126
2006-07-04 4211 4276 4183 4194 324326
2006-07-03 4211 4276 4205 4272 331500
2006-06-30 4211 4276 4205 4272 331500
2006-06-29 4220 4233 4159 4168 208030
2006-06-28 4200 4256 4192 4201 245880
2006-06-27 4358 4371 4230 4258 386116
2006-06-26 4179 4312 4166 4296 338584
2006-06-23 4237 4254 4200 4200 200004
2006-06-22 4298 4325 4265 4305 215298
2006-06-21 4200 4215 4141 4175 265154
2006-06-20 4000 4136 3975 4128 250062
2006-06-19 4180 4180 4060 4067 186816
2006-06-16 4230 4270 4168 4204 230428
2006-06-15 4179 4230 4090 4138 216920
2006-06-14 4112 4205 4043 4195 284632
2006-06-13 4361 4370 4265 4265 121186
2006-06-12 4480 4490 4380 4393 138956
2006-06-09 4477 4495 4445 4460 154738
2006-06-08 4580 4590 4515 4520 120672
2006-06-07 4521 4555 4480 4530 170980
2006-06-06 4650 4656 4559 4561 147256
2006-06-05 4675 4679 4609 4644 133800
2006-06-02 4586 4630 4511 4627 169216
2006-06-01 4640 4682 4612 4612 96884
2006-05-31 4814 4839 4775 4776 175416
2006-05-30 4852 4903 4780 4786 162300
2006-05-29 4781 4854 4759 4846 141476
2006-05-26 4830 4883 4827 4875 158692
2006-05-25 4828 4855 4764 4806 102456
2006-05-24 4988 5010 4900 4908 242500
2006-05-23 4800 4928 4800 4881 151990
2006-05-22 4740 4810 4722 4759 158738
2006-05-19 4686 4759 4680 4719 104826
2006-05-18 4900 4926 4830 4836 136346
2006-05-17 5030 5062 4882 4978 189466
2006-05-16 5000 5125 4960 4960 178426
2006-05-15 5040 5300 5040 5257 223626
2006-05-12 5090 5253 4950 5023 144872
2006-05-11 4830 5039 4822 5039 69186
2006-05-10 4867 4867 4824 4836 67796
2006-05-09 4760 4826 4748 4794 69432
2006-05-08 4808 4847 4750 4763 86242
2006-04-28 4757 4780 4733 4778 71906
2006-04-27 4749 4790 4730 4773 104794
2006-04-26 4650 4750 4632 4738 146258
2006-04-25 4667 4766 4650 4702 173134
2006-04-24 4672 4835 4672 4769 162164
2006-04-21 4660 4679 4595 4617 84764
2006-04-20 4811 4826 4755 4760 87964
2006-04-19 4860 4883 4848 4875 89788
2006-04-14 4555 4571 4511 4518 87460
2006-04-13 4698 4698 4574 4586 96110
2006-04-12 4668 4750 4653 4737 77592
2006-04-11 4620 4676 4618 4670 67610
2006-04-10 4718 4735 4637 4644 70596
2006-04-07 4830 4850 4805 4816 49364
2006-04-06 4828 4860 4798 4840 92794
2006-04-05 4912 4924 4779 4822 106424
2006-04-04 4950 4985 4922 4964 105990
2006-04-03 5027 5040 4890 4911 107400
2006-03-31 5060 5083 5026 5071 89438
2006-03-30 5110 5113 5048 5050 109910
2006-03-29 5105 5165 5082 5104 116034
2006-03-28 5113 5127 5035 5044 108198
2006-03-27 5063 5098 5028 5069 93744
2006-03-24 4919 4998 4919 4992 88894
2006-03-23 5169 5179 5120 5146 99436
2006-03-22 5158 5229 5155 5210 162930
2006-03-21 5100 5142 5053 5110 161424
2006-03-20 5190 5250 5056 5081 187560
2006-03-17 5128 5235 5104 5219 143092
2006-03-16 5070 5147 5050 5143 133418
2006-03-15 5048 5097 5037 5055 95048
2006-03-14 5132 5137 5052 5063 79334
2006-03-13 5148 5148 5090 5109 86158
2006-03-10 5100 5158 5060 5106 153960
2006-03-09 5052 5168 5023 5151 136790
2006-03-08 5200 5216 5100 5117 118248
2006-03-07 5374 5397 5212 5229 143748
2006-03-06 5349 5386 5281 5322 105108
2006-03-03 5281 5335 5255 5330 110584
2006-03-02 5130 5293 5125 5276 107750
2006-03-01 5350 5389 5140 5150 100676
2006-02-28 5293 5332 5293 5293 37680
2006-02-27 5595 5595 5430 5431 73610
2006-02-24 5549 5630 5549 5550 68856
2006-02-23 5850 5880 5666 5680 106372
2006-02-22 5700 5813 5666 5767 96272
2006-02-21 5631 5710 5535 5701 44782
2006-02-20 5537 5616 5526 5578 28300
2006-02-17 5597 5622 5467 5531 30736
2006-02-16 5390 5433 5353 5364 39906
2006-02-15 5420 5470 5386 5401 49602
2006-02-14 5370 5445 5357 5433 56860
2006-02-13 5380 5428 5275 5308 73322
2006-02-10 5468 5585 5468 5468 44930
2006-02-09 5625 5880 5500 5650 71618
2006-02-08 5704 5718 5704 5704 1570
2006-02-07 6110 6110 5995 5995 5760
2006-02-06 6246 6246 6220 6246 11592
2006-01-27 6048 6048 5950 6030 55206
2006-01-26 5741 5937 5680 5934 79242
2006-01-25 5670 5811 5586 5712 66760
2006-01-24 5490 5678 5450 5678 60356
2006-01-23 5356 5356 5356 5356 810
2006-01-20 5112 5204 5110 5201 52894
2006-01-19 5000 5100 4982 5025 63804
2006-01-18 4884 5018 4861 4990 50598
2006-01-17 4833 4873 4822 4847 27966
2006-01-16 4707 4834 4694 4833 25198
2006-01-13 4665 4678 4628 4632 6104
2006-01-12 4700 4705 4664 4668 7120
