date open high low close volume
2016-01-04 1895 1902 1881 1893 289822
2016-01-05 1891 1914 1889 1912 360552
2016-01-06 1912 1929 1909 1927 458790
2016-01-07 1928 1929 1908 1913 503474
2016-01-08 1914 1920 1906 1911 278044
2016-01-11 1900 1911 1893 1907 318936
2016-01-12 1905 1915 1900 1913 321724
2016-01-13 1911 1914 1902 1908 181734
2016-01-14 1908 1913 1898 1904 254414
2016-01-15 1904 1912 1899 1910 205602
2016-01-18 1910 1922 1904 1918 320392
2016-01-19 1916 1918 1901 1905 276730
2016-01-20 1904 1915 1898 1909 255460
2016-01-21 1907 1909 1901 1908 139306
2016-01-22 1908 1920 1907 1914 162684
2016-01-25 1916 1921 1913 1917 89432
2016-01-26 1917 1927 1914 1921 210658
2016-01-27 1924 1947 1921 1944 305628
2016-01-28 1940 1950 1923 1945 318386
2016-01-29 1939 1948 1927 1933 293574
2016-02-01 1935 1943 1932 1936 121076
2016-02-02 1937 1941 1930 1937 102084
2016-02-03 1937 1948 1933 1946 139872
2016-02-04 1949 1971 1944 1968 217014
2016-02-05 1966 1966 1955 1958 102596
2016-02-15 1962 1972 1948 1971 126430
2016-02-16 1969 1981 1965 1966 211096
2016-02-17 1965 1966 1939 1943 308132
2016-02-18 1948 1954 1944 1950 222422
2016-02-19 1950 1956 1934 1934 230160
2016-02-22 1660 1664 1641 1643 385484
2016-02-23 1647 1649 1626 1642 402216
2016-02-24 1643 1644 1600 1601 502166
2016-02-25 1601 1615 1597 1603 396832
2016-02-26 1600 1610 1573 1574 573824
2016-02-29 1568 1569 1526 1551 984236
2016-03-01 1560 1603 1553 1603 828722
2016-03-02 1608 1618 1595 1600 604876
2016-03-03 1600 1624 1593 1617 517958
2016-03-04 1623 1631 1615 1628 294436
2016-03-07 1624 1630 1576 1586 997910
2016-03-08 1585 1605 1576 1589 732866
2016-03-09 1581 1598 1578 1589 534544
2016-03-10 1585 1595 1553 1567 846838
2016-03-11 1554 1590 1554 1583 580736
2016-03-14 1581 1586 1560 1564 390262
2016-03-15 1564 1573 1556 1565 374652
2016-03-16 1565 1569 1550 1561 351904
2016-03-17 1564 1568 1548 1556 432536
2016-03-18 1560 1618 1560 1609 1105178
2016-03-21 1524 1524 1508 1518 275074
2016-03-22 1525 1527 1516 1520 145638
2016-03-23 1520 1530 1512 1516 315488
2016-03-24 1599 1623 1588 1615 689626
2016-03-25 1619 1628 1606 1621 559642
2016-03-28 1460 1469 1440 1444 738262
2016-03-29 1421 1438 1413 1437 949176
2016-03-30 1435 1447 1431 1435 372620
2016-03-31 1432 1438 1422 1430 383826
2016-04-01 1415 1432 1407 1425 440412
2016-04-05 1708 1740 1708 1715 123764
2016-04-06 1432 1435 1426 1433 199062
2016-04-07 1434 1435 1427 1432 166246
2016-04-08 1433 1435 1423 1429 206138
2016-04-11 1431 1444 1425 1435 544374
2016-04-12 1440 1445 1435 1443 328682
2016-04-13 1450 1467 1446 1452 928156
2016-04-14 1462 1485 1458 1482 941422
2016-04-15 1479 1481 1456 1460 699432
2016-04-18 1463 1499 1462 1481 1494158
2016-04-19 1488 1497 1481 1490 649890
2016-04-20 1500 1542 1500 1530 1946162
2016-04-21 1551 1579 1551 1579 1006476
2016-04-22 1569 1592 1524 1538 2296482
2016-04-25 1525 1541 1507 1527 942950
2016-04-26 1542 1556 1529 1543 895712
2016-04-27 1555 1557 1518 1524 932178
2016-04-28 1522 1531 1502 1519 920010
2016-04-29 1527 1537 1512 1514 565292
2016-05-03 1525 1546 1514 1544 751144
2016-05-04 1526 1534 1518 1531 558790
2016-05-05 1536 1537 1524 1525 402858
2016-05-06 1510 1522 1490 1515 578416
2016-05-09 1525 1529 1507 1514 590800
2016-05-10 1503 1519 1501 1512 402552
2016-05-11 1541 1563 1535 1559 1221870
2016-05-12 1552 1556 1541 1543 639428
2016-05-13 1538 1546 1530 1537 621000
2016-05-16 1538 1555 1536 1539 696702
2016-05-17 1545 1552 1542 1551 398802
2016-05-18 1562 1575 1522 1539 1231722
2016-05-19 1545 1551 1538 1549 518404
2016-05-20 1548 1558 1538 1544 373598
2016-05-23 1544 1554 1528 1532 737882
2016-05-24 1530 1538 1513 1529 706564
2016-05-25 1531 1537 1523 1527 290812
2016-05-26 1534 1549 1532 1548 462274
2016-05-27 1544 1573 1539 1564 980786
2016-05-30 1571 1624 1568 1622 1454216
2016-05-31 1620 1640 1604 1615 1193884
2016-06-01 1608 1619 1601 1614 687276
2016-06-02 1639 1642 1610 1611 725666
2016-06-03 1618 1623 1602 1613 781972
2016-06-06 1622 1635 1619 1626 522790
2016-06-07 1635 1638 1615 1626 496470
2016-06-08 1626 1628 1613 1615 410964
2016-06-13 1632 1680 1625 1669 1539342
2016-06-14 1660 1673 1647 1665 987128
2016-06-15 1670 1678 1587 1606 1664200
2016-06-16 1598 1606 1573 1576 1115794
2016-06-17 1580 1597 1576 1588 750970
2016-06-20 1595 1604 1580 1592 772870
2016-06-21 1585 1597 1580 1585 536412
2016-06-22 1565 1578 1554 1575 632570
2016-06-23 1571 1581 1554 1556 674976
2016-06-24 1553 1564 1540 1542 666070
2016-06-27 1550 1558 1542 1551 935676
2016-06-28 1546 1578 1545 1567 1004748
2016-06-29 1568 1580 1554 1566 867120
2016-06-30 1564 1590 1560 1581 884954
2016-07-01 1580 1583 1548 1550 876400
2016-07-04 1561 1594 1552 1583 1715752
2016-07-05 1578 1578 1522 1537 1750976
2016-07-06 1521 1529 1509 1518 1150816
2016-07-07 1525 1536 1504 1510 1170304
2016-07-08 1505 1529 1505 1523 1159094
2016-07-11 1533 1542 1529 1532 647112
2016-07-12 1528 1528 1514 1525 640004
2016-07-13 1532 1545 1523 1526 929226
2016-07-14 1534 1536 1521 1528 609146
2016-07-15 1511 1520 1510 1514 603814
2016-07-18 1510 1510 1478 1481 1117054
2016-07-19 1483 1494 1476 1481 718456
2016-07-20 1478 1493 1465 1491 833622
2016-07-21 1485 1493 1482 1489 570190
2016-07-22 1487 1490 1471 1477 548662
2016-07-25 1480 1489 1473 1480 526410
2016-07-26 1479 1488 1476 1486 325272
2016-07-27 1489 1489 1474 1476 419874
2016-07-28 1480 1482 1460 1461 547876
2016-07-29 1460 1463 1444 1446 601386
2016-08-01 1450 1457 1447 1451 501080
2016-08-02 1447 1462 1438 1454 816762
2016-08-03 1454 1460 1447 1454 551188
2016-08-04 1455 1473 1454 1472 706754
2016-08-05 1468 1482 1466 1472 550332
2016-08-08 1473 1474 1451 1451 681928
2016-08-09 1454 1460 1442 1443 707064
2016-08-10 1445 1456 1442 1453 596128
2016-08-11 1453 1460 1447 1449 415114
2016-08-12 1452 1458 1449 1456 290524
2016-08-15 1456 1479 1456 1476 761808
2016-08-16 1478 1491 1473 1477 818392
2016-08-17 1480 1489 1476 1486 439918
2016-08-18 1481 1496 1473 1475 766256
2016-08-19 1481 1482 1465 1467 550920
2016-08-22 1470 1478 1465 1467 491350
2016-08-23 1470 1474 1449 1455 663278
2016-08-24 1456 1457 1444 1448 440120
2016-08-25 1447 1458 1443 1452 626666
2016-08-26 1450 1455 1446 1448 369984
2016-08-29 1448 1474 1446 1469 866584
2016-08-30 1470 1475 1461 1461 641326
2016-08-31 1461 1465 1449 1450 817662
2016-09-01 1450 1457 1447 1455 462844
2016-09-02 1459 1463 1451 1455 634712
2016-09-05 1457 1462 1423 1425 1308042
2016-09-06 1425 1431 1414 1428 796454
2016-09-07 1428 1439 1426 1433 572466
2016-09-08 1435 1440 1429 1437 565470
2016-09-09 1439 1442 1433 1436 364934
2016-09-12 1438 1440 1423 1430 492350
2016-09-13 1431 1459 1430 1452 1012552
2016-09-14 1448 1452 1440 1446 448700
2016-09-19 1450 1471 1445 1466 1064256
2016-09-20 1464 1470 1458 1467 585162
2016-09-21 1469 1473 1433 1435 1158232
2016-09-22 1435 1445 1425 1433 852430
2016-09-23 1431 1437 1417 1419 772508
2016-09-26 1415 1431 1409 1416 950466
2016-09-27 1412 1422 1402 1404 905908
2016-09-28 1407 1410 1389 1394 928952
2016-09-29 1397 1402 1383 1390 689130
2016-09-30 1389 1399 1382 1394 600368
2016-10-10 1400 1434 1399 1432 1006146
2016-10-11 1435 1437 1424 1427 477950
2016-10-12 1428 1438 1419 1430 512662
2016-10-13 1428 1436 1425 1435 524876
2016-10-14 1441 1449 1436 1444 826556
2016-10-17 1450 1460 1437 1444 884592
2016-10-18 1444 1458 1432 1457 770424
2016-10-19 1460 1468 1451 1461 775952
2016-10-20 1468 1496 1464 1482 1397192
2016-10-21 1473 1482 1465 1479 685686
2016-10-24 1480 1497 1478 1489 720210
2016-10-25 1492 1495 1463 1467 812388
2016-10-26 1464 1505 1463 1504 930938
2016-10-27 1509 1535 1505 1531 1444008
2016-10-28 1538 1538 1512 1521 1025976
