date open high low close volume
2016-01-04 11410 11445 11125 11280 177808
2016-01-05 11275 11295 11180 11200 146416
2016-01-06 11200 11350 11185 11320 219414
2016-01-07 11305 11360 11270 11335 143916
2016-01-08 11310 11385 11280 11315 118988
2016-01-11 11315 11345 11255 11280 95608
2016-01-12 11295 11315 11230 11280 77734
2016-01-13 11280 11350 11275 11310 101350
2016-01-14 11305 11340 11290 11305 65470
2016-01-15 11295 11305 11190 11215 156428
2016-01-18 11205 11245 11165 11200 115348
2016-01-19 11205 11285 11200 11270 103898
2016-01-20 11280 11415 11270 11375 248062
2016-01-21 11355 11395 11345 11380 80958
2016-01-22 11380 11445 11330 11420 112738
2016-01-25 11425 11480 11380 11415 55476
2016-01-26 11395 11445 11395 11420 58822
2016-01-27 11425 11470 11400 11450 57896
2016-01-28 11445 11475 11395 11405 48442
2016-01-29 11400 11440 11355 11375 69040
2016-02-01 11385 11395 11360 11375 44622
2016-02-02 11385 11505 11340 11470 103664
2016-02-03 10880 10880 10685 10715 114332
2016-02-04 10710 10755 10570 10590 94706
2016-02-05 10535 10680 10535 10565 97084
2016-02-15 10485 10495 10370 10390 94426
2016-02-16 10390 10500 10385 10485 119874
2016-02-17 10495 10570 10470 10530 111692
2016-02-18 10530 10595 10505 10565 79068
2016-02-19 10560 10575 10440 10460 153268
2016-02-22 10440 10565 10440 10505 141444
2016-02-23 10510 10550 10455 10485 144190
2016-02-24 10480 10500 10290 10325 235958
2016-02-25 10330 10330 10040 10160 413552
2016-02-26 10155 10205 10065 10080 201882
2016-02-29 10075 10145 9975 9990 268786
2016-03-01 10000 10105 9890 10045 363740
2016-03-02 10060 10110 10000 10045 231974
2016-03-03 10055 10215 10000 10155 342894
2016-03-04 10165 10255 10115 10235 259056
2016-03-07 10240 10610 10220 10540 687610
2016-03-08 10550 10640 10275 10410 514552
2016-03-09 10400 10455 10235 10290 330476
2016-03-10 10300 10390 10165 10180 296882
2016-03-11 10180 10180 10040 10110 336550
2016-03-14 10140 10245 10100 10115 300680
2016-03-15 10095 10215 10080 10100 278398
2016-03-16 10100 10155 10060 10110 237762
2016-03-17 10100 10245 10090 10185 243394
2016-03-18 10185 10460 10185 10380 500574
2016-03-21 10380 10510 10270 10500 491512
2016-03-22 10520 10605 10440 10450 396126
2016-03-23 10435 10610 10410 10535 315354
2016-03-24 10500 10560 10350 10355 302250
2016-03-25 10360 10430 10340 10420 208124
2016-03-28 10440 10495 10350 10355 219608
2016-03-29 10360 10430 10220 10235 292840
2016-03-30 10250 10325 10210 10295 150764
2016-03-31 10320 10350 10120 10200 261980
2016-04-01 10215 10270 10185 10240 169286
2016-04-05 10960 10995 10875 10895 3434
2016-04-06 10335 10470 10320 10430 275470
2016-04-07 10430 10450 10315 10375 214218
2016-04-08 10380 10425 10330 10395 188040
2016-04-11 10445 10790 10440 10790 464400
2016-04-12 11000 11010 10810 10880 613854
2016-04-13 10980 11325 10950 11325 471990
2016-04-14 11565 11770 11345 11575 1392538
2016-04-15 11470 11525 11190 11255 998946
2016-04-18 11190 11775 11150 11775 877074
2016-04-19 12260 12265 12020 12175 1379634
2016-04-20 12245 12650 12220 12650 1530498
2016-04-21 12400 13425 12215 13355 2333564
2016-04-22 13265 13450 12615 12840 2864938
2016-04-25 12880 13255 12665 12810 1619204
2016-04-26 12855 13375 12665 12940 2479884
2016-04-27 12995 13135 12570 12805 1285904
2016-04-28 12870 12885 12210 12350 1142262
2016-04-29 12345 12640 12290 12555 892932
2016-05-03 12165 12505 12165 12400 878
2016-05-04 12660 12680 12440 12530 571242
2016-05-05 12570 12600 12460 12565 392690
2016-05-06 12620 12740 12230 12350 674056
2016-05-09 12370 12485 11865 12165 733250
2016-05-10 12115 12270 12015 12240 549446
2016-05-11 12280 12420 12175 12335 401174
2016-05-12 12280 12695 12130 12530 732300
2016-05-13 12470 12640 12180 12300 656946
2016-05-16 12305 12520 12205 12335 375612
2016-05-17 12350 12475 12310 12440 322788
2016-05-18 12475 12835 12450 12550 862128
2016-05-19 12580 12755 12525 12740 597006
2016-05-20 12740 12885 12645 12745 455710
2016-05-23 12715 12815 12350 12390 533178
2016-05-24 12385 12470 12260 12415 405204
2016-05-25 12455 12650 12250 12480 481910
2016-05-26 12500 13035 12455 13035 696486
2016-05-27 13055 13260 12855 13100 1077118
2016-05-30 13055 13390 12965 13330 752022
2016-05-31 13300 13375 12820 12840 661088
2016-06-01 12805 12930 12465 12575 792096
2016-06-02 12620 12800 12535 12590 463298
2016-06-03 12640 12740 12395 12470 544164
2016-06-06 12590 12735 12465 12675 462032
2016-06-07 12765 13120 12735 13005 762326
2016-06-08 13000 13025 12700 12900 469266
2016-06-13 12835 13255 12830 13025 402220
2016-06-14 13035 13170 12810 12845 384874
2016-06-15 12830 12925 12730 12780 348866
2016-06-16 12810 13085 12720 13000 465724
2016-06-17 13000 13565 12835 13480 1180966
2016-06-20 13530 13585 13300 13455 691508
2016-06-21 13560 13590 13130 13155 424002
2016-06-22 13150 13380 13100 13345 259316
2016-06-23 13350 13655 13310 13515 411162
2016-06-24 13600 13800 13350 13430 537620
2016-06-27 13410 13720 13350 13700 351284
2016-06-28 13700 14265 13665 14170 670370
2016-06-29 14235 14670 14210 14670 971310
2016-06-30 14700 14945 14595 14725 883582
2016-07-01 14740 14880 14465 14735 701944
2016-07-04 14760 15425 14730 15425 873112
2016-07-05 15535 15790 14510 15000 1208904
2016-07-06 14985 15340 14450 14875 1188480
2016-07-07 14655 15145 14655 14910 1103588
2016-07-08 14940 15120 14215 14350 1176150
2016-07-11 14440 15055 14335 15045 931096
2016-07-12 15100 15455 14975 15380 1136932
2016-07-13 15345 16030 15115 15730 1472122
2016-07-14 15730 15960 15510 15855 1065150
2016-07-15 15855 16060 15750 15975 1005784
2016-07-18 16100 16185 15460 15765 1318568
2016-07-19 15895 15925 15495 15675 1206644
2016-07-20 15670 15740 15020 15305 1338872
2016-07-21 15280 15600 15195 15485 838224
2016-07-22 15535 15795 15180 15195 1229802
2016-07-25 15250 15445 15115 15340 827116
2016-07-26 15375 15480 15170 15450 818438
2016-07-27 15430 15775 15370 15680 952144
2016-07-28 15730 15795 14830 14905 1592824
2016-07-29 14900 14975 14545 14545 1064360
2016-08-01 14505 14920 14465 14765 899388
2016-08-02 14710 14875 14450 14700 937584
2016-08-03 14710 14745 14325 14505 1009318
2016-08-04 14520 14760 14355 14710 880154
2016-08-05 14680 15175 14625 15155 1087028
2016-08-08 15200 15265 14750 14755 949646
2016-08-09 14765 14865 14525 14690 928986
2016-08-10 14585 14780 14455 14745 849680
2016-08-11 14760 14870 14660 14730 561374
2016-08-12 14705 14915 14600 14660 712808
2016-08-15 14655 14750 14525 14700 539102
2016-08-16 14685 14745 14470 14635 743172
2016-08-17 14585 14865 14530 14770 729584
2016-08-18 14755 14940 14625 14820 572358
2016-08-19 14875 14920 14640 14645 455430
2016-08-22 14595 14660 14370 14520 672446
2016-08-23 14530 14720 14505 14565 320348
2016-08-24 14570 14670 14535 14575 276064
2016-08-25 14555 14585 13910 13980 988818
2016-08-26 14020 14130 13885 13965 512646
2016-08-29 13965 14045 13780 13825 425250
2016-08-30 13800 13950 13790 13850 275180
2016-08-31 13830 13930 13545 13590 439044
2016-09-01 13580 13710 13450 13680 308078
2016-09-02 13705 14000 13650 13795 538616
2016-09-05 13825 13940 13790 13890 241596
2016-09-06 13910 14160 13775 14115 488816
2016-09-07 14100 14260 14030 14075 390564
2016-09-08 14095 14180 13980 14155 355028
2016-09-09 14160 14175 14025 14135 235974
2016-09-12 14105 14205 13860 13870 405048
2016-09-13 13880 14145 13815 14095 462598
2016-09-14 14045 14215 13955 14205 443356
2016-09-19 14280 14745 14265 14745 425504
2016-09-20 14765 14930 14655 14930 446924
2016-09-21 14940 14980 14795 14965 400876
2016-09-22 14985 15015 14820 14910 510614
2016-09-23 14925 14975 14755 14945 388556
2016-09-26 14960 15535 14880 15495 736410
2016-09-27 15485 15550 15355 15465 467190
2016-09-28 15455 15470 15195 15245 426340
2016-09-29 15210 15405 15010 15105 657206
2016-09-30 15080 15190 14970 15180 379214
2016-10-10 15700 15750 15440 15630 321010
2016-10-11 15580 15720 15330 15385 476536
2016-10-12 15370 15475 15190 15240 391872
2016-10-13 15205 15265 14925 14940 595016
2016-10-14 14940 15180 14890 15060 319580
2016-10-17 15020 15430 15020 15165 509610
2016-10-18 15180 15235 14985 15080 444732
2016-10-19 15075 15260 14805 14825 610944
2016-10-20 14830 15110 14745 15005 433352
2016-10-21 15040 15180 14795 14840 358204
2016-10-24 14850 14910 14735 14780 334748
2016-10-25 14760 15135 14750 15085 506040
2016-10-26 15100 15160 14850 14925 362382
2016-10-27 14920 15350 14885 15325 685682
2016-10-28 15255 15305 15085 15195 370654
