date open high low close volume
2016-01-04 833 839 822 823 222522
2016-01-05 823 830 822 829 183616
2016-01-06 829 831 820 823 175958
2016-01-07 822 830 821 830 211016
2016-01-08 829 848 827 841 631398
2016-01-11 841 850 833 834 523548
2016-01-12 835 837 825 831 368078
2016-01-13 831 834 828 830 193860
2016-01-14 830 834 823 833 269898
2016-01-15 832 840 832 836 196738
2016-01-18 836 857 834 854 422570
2016-01-19 855 861 850 860 295336
2016-01-20 860 861 852 853 201092
2016-01-21 852 860 851 857 183392
2016-01-22 858 873 856 868 442562
2016-01-25 868 870 851 856 280866
2016-01-26 854 862 853 855 164560
2016-01-27 856 865 855 862 157114
2016-01-28 862 863 853 854 132116
2016-01-29 855 858 846 851 195086
2016-02-01 852 857 846 849 148128
2016-02-02 850 851 842 850 136660
2016-02-03 851 855 847 850 99364
2016-02-04 850 865 849 865 134300
2016-02-05 865 867 857 863 74488
2016-02-15 861 871 859 868 92098
2016-02-16 869 869 862 862 87136
2016-02-17 862 885 860 884 273876
2016-02-18 884 890 881 886 220512
2016-02-19 886 897 883 889 244892
2016-02-22 888 923 888 905 312944
2016-02-23 905 909 892 901 226470
2016-02-24 901 907 895 906 170128
2016-02-25 905 924 903 914 373580
2016-02-26 915 923 904 921 283228
2016-02-29 922 922 907 918 234654
2016-03-01 922 933 915 930 298444
2016-03-02 931 933 924 929 219824
2016-03-03 928 937 921 923 227502
2016-03-04 923 932 921 929 224784
2016-03-07 930 966 928 966 356532
2016-03-08 979 1019 949 974 1615136
2016-03-09 967 984 952 973 477926
2016-03-10 973 996 958 959 448858
2016-03-11 957 970 953 959 210556
2016-03-14 956 985 954 958 323326
2016-03-15 957 962 942 947 316010
2016-03-16 945 953 938 945 208930
2016-03-17 945 958 933 941 368344
2016-03-18 941 968 938 953 569422
2016-03-21 952 960 935 936 421148
2016-03-22 935 941 926 928 338930
2016-03-23 928 946 927 934 255578
2016-03-24 934 939 918 919 334168
2016-03-25 918 927 913 924 206274
2016-03-28 924 929 916 916 133666
2016-03-29 916 925 916 919 101090
2016-03-30 919 933 918 930 149818
2016-03-31 931 933 923 929 90506
2016-04-01 930 939 926 930 131410
2016-04-06 924 928 919 924 60644
2016-04-07 950 974 950 970 270314
2016-04-08 969 972 959 966 225814
2016-04-11 968 988 967 973 341354
2016-04-12 975 1006 973 1004 393466
2016-04-13 1003 1018 986 994 539890
2016-04-14 992 999 986 997 288062
2016-04-15 999 1027 996 998 831750
2016-04-18 995 1015 988 1007 366578
2016-04-19 1010 1033 1003 1021 518168
2016-04-20 1023 1039 1013 1034 533512
2016-04-21 1033 1067 1024 1056 581168
2016-04-22 1056 1061 1019 1022 439478
2016-04-25 1021 1057 1021 1034 345168
2016-04-26 1035 1045 1004 1012 366906
2016-04-27 1015 1017 990 999 330320
2016-04-28 1000 1006 992 993 209252
2016-04-29 993 1012 992 998 257268
2016-05-03 830 870 830 870 346
2016-05-04 960 968 956 964 201322
2016-05-05 966 970 955 957 192686
2016-05-06 959 963 934 945 288584
2016-05-09 945 966 925 933 415448
2016-05-10 932 944 927 941 291512
2016-05-11 941 959 941 957 288340
2016-05-12 956 971 952 964 268442
2016-05-13 962 981 942 957 534808
2016-05-16 955 979 951 975 351982
2016-05-17 976 983 963 977 316802
2016-05-18 975 982 954 955 345562
2016-05-19 954 962 947 957 292742
2016-05-20 956 978 952 975 321394
2016-05-23 975 978 932 940 417996
2016-05-24 940 946 927 939 386754
2016-05-25 942 946 933 941 308448
2016-05-26 943 959 938 958 310228
2016-05-27 957 974 948 973 397940
2016-05-30 972 1000 967 1000 434574
2016-05-31 1007 1034 1007 1023 586928
2016-06-01 1024 1036 1014 1028 543358
2016-06-02 1030 1045 1002 1009 921324
2016-06-03 1008 1018 995 1008 812420
2016-06-06 1011 1022 997 1018 763948
2016-06-07 1020 1031 1013 1019 475174
2016-06-08 1017 1025 1009 1020 292470
2016-06-13 1018 1034 1012 1023 305778
2016-06-14 1023 1027 1003 1009 420594
2016-06-15 1010 1015 1002 1013 311732
2016-06-16 1014 1019 987 988 372452
2016-06-17 988 998 973 996 491420
2016-06-20 996 1008 990 995 306986
2016-06-21 995 1019 993 1018 323776
2016-06-22 1016 1022 1009 1016 357284
2016-06-23 1014 1025 1011 1019 408068
2016-06-24 1019 1027 1007 1010 374134
2016-06-27 1008 1059 1008 1051 573240
2016-06-28 1048 1054 1037 1047 319582
2016-06-29 1050 1052 1033 1044 353788
2016-06-30 1043 1085 1042 1085 662712
2016-07-01 1092 1123 1087 1110 808410
2016-07-04 1108 1136 1102 1117 599438
2016-07-05 1118 1122 1088 1121 595060
2016-07-06 1120 1138 1075 1088 903262
2016-07-07 1083 1112 1081 1089 492604
2016-07-08 1092 1096 1052 1052 633298
2016-07-11 1052 1068 1044 1058 366676
2016-07-12 1060 1098 1057 1098 414396
2016-07-13 1103 1116 1091 1096 503196
2016-07-14 1097 1106 1072 1101 563838
2016-07-15 1102 1113 1082 1095 480966
2016-07-18 1098 1100 1051 1054 447054
2016-07-19 1053 1078 1049 1077 487770
2016-07-20 1076 1089 1068 1074 529216
2016-07-21 1071 1086 1064 1081 416906
2016-07-22 1080 1088 1057 1059 311394
2016-07-25 1059 1092 1056 1090 381210
2016-07-26 1089 1103 1078 1098 558386
2016-07-27 1096 1117 1094 1106 531746
2016-07-28 1107 1117 1091 1091 493696
2016-07-29 1092 1097 1075 1079 424950
2016-08-01 1080 1131 1072 1131 579306
2016-08-02 1140 1167 1133 1157 606204
2016-08-03 1159 1159 1147 1157 373134
2016-08-04 1157 1174 1135 1156 657456
2016-08-05 1155 1169 1145 1168 410338
2016-08-08 1168 1177 1152 1176 492236
2016-08-09 1175 1211 1171 1211 508054
2016-08-10 1222 1227 1185 1193 625820
2016-08-11 1195 1196 1160 1169 499428
2016-08-12 1156 1183 1154 1182 402638
2016-08-15 1181 1184 1160 1173 462104
2016-08-16 1173 1220 1163 1212 979340
2016-08-17 1212 1221 1200 1203 628538
2016-08-18 1203 1232 1195 1208 852128
2016-08-19 1208 1218 1194 1214 805174
2016-08-22 1215 1234 1205 1222 969332
2016-08-23 1222 1231 1213 1222 813754
2016-08-24 1223 1226 1189 1190 1000140
2016-08-25 1191 1206 1178 1205 1139324
2016-08-26 1205 1231 1196 1222 1446770
2016-08-29 1223 1225 1181 1187 1463934
2016-08-30 1188 1194 1166 1175 1212160
2016-08-31 1176 1184 1157 1164 1008198
2016-09-01 1165 1173 1153 1165 896562
2016-09-02 1165 1207 1162 1195 1096354
2016-09-05 1195 1215 1181 1188 1572956
2016-09-06 1188 1207 1177 1204 1158368
2016-09-07 1202 1208 1176 1181 1285192
2016-09-08 1182 1183 1162 1166 1236570
2016-09-09 1163 1177 1154 1168 1276696
2016-09-12 1169 1176 1134 1135 1287772
2016-09-13 1137 1142 1105 1105 1001642
2016-09-14 1099 1110 1093 1101 756366
2016-09-19 1096 1119 1095 1114 382950
2016-09-20 1114 1134 1091 1128 1918260
2016-09-21 1132 1142 1125 1131 1282334
2016-09-22 1132 1148 1112 1117 1525516
2016-09-23 1119 1125 1108 1119 1011450
2016-09-26 1119 1134 1104 1121 1015706
2016-09-27 1122 1129 1109 1122 888012
2016-09-28 1120 1129 1104 1118 949242
2016-09-29 1120 1135 1114 1119 707256
2016-09-30 1119 1125 1063 1068 897954
2016-10-10 1060 1080 1054 1070 307852
2016-10-11 1071 1081 1065 1078 610850
2016-10-12 1076 1089 1053 1080 1109980
2016-10-13 1080 1087 1065 1070 878702
2016-10-14 1070 1080 1060 1063 791548
2016-10-17 1064 1095 1059 1090 1077504
2016-10-18 1090 1098 1082 1090 645762
2016-10-19 1089 1117 1083 1093 1008012
2016-10-20 1093 1114 1086 1110 740080
2016-10-21 1110 1126 1107 1125 984166
2016-10-24 1125 1128 1113 1123 557226
2016-10-25 1122 1138 1117 1135 833086
2016-10-26 1135 1146 1119 1131 682016
2016-10-27 1130 1134 1102 1106 576750
2016-10-28 1106 1128 1097 1120 370268
