date open high low close volume
2016-01-04 2370 2377 2321 2326 1335646
2016-01-05 2328 2347 2325 2343 1139054
2016-01-06 2344 2352 2327 2347 1367216
2016-01-07 2344 2386 2339 2376 1975726
2016-01-08 2373 2407 2363 2404 1978374
2016-01-11 2406 2413 2377 2383 1490070
2016-01-12 2383 2397 2372 2378 1498406
2016-01-13 2380 2413 2376 2382 1877026
2016-01-14 2386 2415 2376 2406 1860008
2016-01-15 2406 2416 2395 2404 1355476
2016-01-18 2396 2462 2394 2458 2383820
2016-01-19 2458 2470 2450 2462 1453138
2016-01-20 2462 2471 2440 2453 1575738
2016-01-21 2448 2452 2419 2425 1485312
2016-01-22 2428 2459 2425 2452 1164004
2016-01-25 2452 2463 2428 2434 1147520
2016-01-26 2432 2453 2423 2443 839828
2016-01-27 2440 2452 2428 2448 1050482
2016-01-28 2446 2460 2435 2443 1263326
2016-01-29 2442 2444 2411 2419 1063362
2016-02-01 2422 2451 2416 2444 822598
2016-02-02 2440 2461 2437 2456 675808
2016-02-03 2450 2457 2439 2453 738972
2016-02-04 2451 2457 2437 2445 746966
2016-02-05 2445 2449 2425 2437 630870
2016-02-15 2428 2445 2417 2421 390118
2016-02-16 2420 2443 2405 2410 1089252
2016-02-17 2410 2420 2382 2383 1084588
2016-02-18 2383 2399 2379 2383 907500
2016-02-19 2384 2404 2376 2393 1213280
2016-02-22 2388 2411 2387 2402 825530
2016-02-23 2404 2415 2382 2385 843964
2016-02-24 2388 2390 2340 2355 1844618
2016-02-25 2351 2358 2333 2344 898664
2016-02-26 2347 2357 2325 2330 955594
2016-02-29 2330 2339 2288 2301 1441490
2016-03-01 2302 2316 2294 2312 927854
2016-03-02 2317 2335 2305 2309 1262446
2016-03-03 2287 2310 2280 2304 531814
2016-03-04 2301 2332 2300 2331 677346
2016-03-07 2338 2396 2334 2357 1617010
2016-03-08 2357 2372 2317 2323 1152860
2016-03-09 2326 2337 2307 2317 874140
2016-03-10 2322 2329 2299 2303 959714
2016-03-11 2306 2317 2277 2308 1168022
2016-03-14 2311 2326 2307 2309 940512
2016-03-15 2308 2333 2297 2306 1312680
2016-03-16 2301 2311 2288 2295 943644
2016-03-17 2293 2313 2287 2311 1001444
2016-03-18 2315 2340 2311 2331 2073382
2016-03-21 2328 2338 2310 2328 1454114
2016-03-22 2329 2364 2327 2355 2041412
2016-03-23 2358 2391 2351 2357 2439888
2016-03-24 2348 2385 2341 2362 2463374
2016-03-25 2360 2401 2351 2399 2748008
2016-03-28 2403 2407 2366 2368 2350692
2016-03-29 2372 2375 2346 2353 2152844
2016-03-30 2354 2370 2348 2363 1686342
2016-03-31 2368 2371 2326 2331 1930872
2016-04-01 2334 2358 2324 2340 1822526
2016-04-05 2299 2318 2290 2316 61454
2016-04-06 2349 2368 2337 2343 1666084
2016-04-07 2340 2356 2335 2342 1203654
2016-04-08 2347 2351 2325 2326 1254452
2016-04-11 2331 2375 2330 2362 2287002
2016-04-12 2366 2405 2360 2404 2929244
2016-04-13 2409 2470 2407 2445 3955702
2016-04-14 2448 2492 2443 2465 3333270
2016-04-15 2461 2483 2454 2473 2903132
2016-04-18 2465 2535 2450 2519 4196672
2016-04-19 2515 2528 2502 2518 2791206
2016-04-20 2526 2613 2524 2586 5584146
2016-04-21 2578 2680 2563 2680 4500404
2016-04-22 2668 2710 2573 2589 5148334
2016-04-25 2591 2647 2534 2571 4073896
2016-04-26 2570 2643 2558 2615 4014198
2016-04-27 2626 2655 2598 2627 4263234
2016-04-28 2632 2639 2581 2629 3509610
2016-04-29 2638 2680 2612 2617 3743610
2016-05-03 2659 2725 2659 2722 2928936
2016-05-04 2716 2724 2646 2677 3794162
2016-05-05 2673 2709 2663 2675 3154830
2016-05-06 2701 2708 2586 2614 4200566
2016-05-09 2612 2683 2598 2666 4754466
2016-05-10 2656 2669 2613 2660 3797602
2016-05-11 2672 2774 2652 2774 2690328
2016-05-12 2802 2853 2774 2833 6201144
2016-05-13 2838 2855 2766 2798 6289792
2016-05-16 2790 2853 2773 2809 5683616
2016-05-17 2807 2834 2797 2828 3668392
2016-05-18 2830 2928 2825 2853 6973520
2016-05-19 2852 2875 2816 2849 4857772
2016-05-20 2830 2875 2802 2870 4066198
2016-05-23 2900 2917 2828 2836 5001358
2016-05-24 2840 2848 2719 2727 6640506
2016-05-25 2718 2804 2701 2790 7651616
2016-05-26 2805 2898 2800 2895 6704486
2016-05-27 2907 2915 2838 2871 6613560
2016-05-30 2862 2988 2855 2974 7525820
2016-05-31 2950 2971 2913 2930 5196984
2016-06-01 2938 2954 2866 2898 6059624
2016-06-02 2899 3003 2879 2977 6443822
2016-06-03 2985 3058 2971 3054 6229430
2016-06-06 3074 3100 3025 3098 5900880
2016-06-07 3104 3134 3086 3130 6353176
2016-06-08 3120 3176 3101 3173 5348828
2016-06-13 3320 3352 3255 3344 4396564
2016-06-14 3333 3367 3217 3234 7192348
2016-06-15 3260 3293 3207 3281 6571600
2016-06-16 3296 3337 3187 3200 7458498
2016-06-17 3205 3233 3154 3230 5883334
2016-06-20 3233 3274 3213 3256 4926544
2016-06-21 3245 3280 3224 3249 4448280
2016-06-22 3210 3267 3183 3263 4569932
2016-06-23 3230 3294 3195 3210 5609324
2016-06-24 3210 3256 3171 3177 7414320
2016-06-27 3160 3308 3147 3301 4936632
2016-06-28 3293 3425 3281 3403 6783382
2016-06-29 3406 3424 3335 3356 5535794
2016-06-30 3352 3403 3343 3394 4254466
2016-07-01 3384 3577 3356 3450 4812026
2016-07-04 3441 3523 3436 3459 4177172
2016-07-05 3462 3474 3274 3360 5737236
2016-07-06 3353 3395 3227 3254 6335542
2016-07-07 3200 3320 3106 3143 6399496
2016-07-08 3174 3203 3024 3075 5636438
2016-07-11 3101 3193 3077 3146 4082924
2016-07-12 3160 3193 3130 3184 3555346
2016-07-13 3175 3317 3163 3294 5075350
2016-07-14 3333 3353 3284 3324 3415708
2016-07-15 3300 3305 3138 3155 1332768
2016-07-18 3138 3182 3075 3081 1381568
2016-07-19 3070 3157 3066 3136 1204290
2016-07-20 3120 3128 3013 3052 1584010
2016-07-21 3035 3054 2984 3028 1227760
2016-07-22 3020 3043 2946 2955 1391474
2016-07-25 2946 2963 2893 2956 1342142
2016-07-26 2969 2973 2907 2948 1279408
2016-07-27 2940 2980 2924 2965 1274676
2016-07-28 2990 3005 2966 2978 1405144
2016-07-29 2968 2991 2918 2923 1238278
2016-08-01 2931 2990 2925 2946 1092152
2016-08-02 2935 2951 2870 2902 1951438
2016-08-03 2896 2923 2871 2890 1855024
2016-08-04 2905 2917 2853 2912 2331890
2016-08-05 2915 2961 2894 2951 2698488
2016-08-08 2946 2997 2938 2962 2313384
2016-08-09 2969 2993 2952 2976 1900418
2016-08-10 2960 3025 2960 3024 2195880
2016-08-11 3015 3020 2984 3003 1745224
2016-08-12 3001 3033 3000 3011 1988580
2016-08-15 3000 3055 2960 3040 2603764
2016-08-16 3035 3069 3032 3049 2096696
2016-08-17 3052 3058 3029 3041 1355702
2016-08-18 3043 3066 3006 3011 2120138
2016-08-19 3012 3018 2962 2986 2438362
2016-08-22 2990 3024 2968 3005 1780228
2016-08-23 2999 3042 2989 3006 1572874
2016-08-24 3014 3026 2978 2981 1750772
2016-08-25 2980 2989 2930 2968 2108900
2016-08-26 2966 2974 2909 2918 2048420
2016-08-29 2925 2938 2902 2921 1529138
2016-08-30 2915 2934 2908 2918 1247698
2016-08-31 2915 2928 2858 2862 2092712
2016-09-01 2862 2889 2851 2881 1558684
2016-09-02 2884 2914 2863 2884 1631912
2016-09-05 2896 2916 2861 2870 1677366
2016-09-06 2870 2898 2855 2886 1196644
2016-09-07 2879 2949 2872 2940 2104538
2016-09-08 2950 2970 2938 2966 1736624
2016-09-09 2971 2979 2943 2947 1325468
2016-09-12 2945 2984 2931 2953 1804562
2016-09-13 2961 2988 2914 2935 2157678
2016-09-14 2920 2927 2882 2895 1635030
2016-09-19 2950 2992 2943 2980 1253650
2016-09-20 2985 2994 2958 2977 1568852
2016-09-21 2980 3021 2970 2990 1830986
2016-09-22 2998 3009 2934 2938 2240402
2016-09-23 2955 2963 2904 2909 1582308
2016-09-26 2907 2916 2866 2866 1558894
2016-09-27 2861 2879 2837 2841 1876582
2016-09-28 2849 2857 2819 2850 1453264
2016-09-29 2846 2888 2842 2883 1724468
2016-09-30 2883 2897 2844 2876 1492904
2016-10-10 2865 2884 2829 2857 873540
2016-10-11 2853 2882 2840 2853 1468112
2016-10-12 2851 2871 2796 2815 2076340
2016-10-13 2820 2846 2761 2769 2478600
2016-10-14 2779 2817 2747 2811 2006990
2016-10-17 2818 2841 2803 2827 2101752
2016-10-18 2830 2863 2813 2856 1829684
2016-10-19 2845 2868 2823 2829 1666554
2016-10-20 2825 2879 2818 2874 1619802
2016-10-21 2874 2894 2846 2870 1661486
2016-10-24 2875 2915 2862 2906 1648994
2016-10-25 2912 2922 2876 2884 1577640
2016-10-26 2894 2931 2863 2927 2216644
2016-10-27 2925 2977 2911 2972 2169692
2016-10-28 2960 2980 2945 2959 1448396
