date open high low close volume
2016-01-07 2909 2909 2909 2909 0
2016-01-08 2909 2909 2909 2909 2
2016-01-11 2909 2909 2909 2909 0
2016-01-12 2909 2909 2909 2909 2
2016-01-13 2909 2909 2909 2909 0
2016-01-14 2909 2909 2909 2909 2
2016-01-15 2909 2909 2909 2909 0
2016-01-20 2454 2750 2360 2535 40
2016-01-21 2497 2658 2454 2531 8
2016-01-22 2520 2558 2497 2520 2
2016-01-25 2520 2520 2520 2521 0
2016-01-26 2520 2520 2520 2521 2
2016-01-27 2472 2582 2472 2543 26
2016-01-28 2472 2582 2472 2523 0
2016-01-29 2472 2582 2472 2523 26
2016-02-01 2586 2586 2535 2535 0
2016-02-02 2586 2586 2586 2586 2
2016-02-03 2533 2533 2533 2533 0
2016-02-04 2533 2533 2533 2533 2
2016-02-05 2533 2533 2533 2533 0
2016-02-22 2618 2618 2618 2618 0
2016-02-23 2515 2618 2515 2609 4
2016-02-24 2515 2609 2515 2562 0
2016-02-25 2515 2609 2515 2562 4
2016-02-26 2641 2641 2515 2619 10
2016-02-29 2552 2641 2552 2552 2
2016-03-01 2553 2623 2553 2560 20
2016-03-02 2553 2623 2543 2554 10
2016-03-03 2553 2598 2543 2558 0
2016-03-04 2553 2598 2543 2558 10
2016-03-07 2653 2653 2464 2500 8
2016-03-08 2482 2653 2464 2577 4
2016-03-09 2482 2588 2482 2530 12
2016-03-10 2482 2588 2482 2530 0
2016-03-11 2482 2588 2482 2530 12
2016-03-14 2503 2588 2482 2503 2
2016-03-15 2503 2503 2503 2503 0
2016-03-16 2598 2598 2470 2553 16
2016-03-17 2509 2598 2470 2535 8
2016-03-18 2592 2592 2509 2592 2
2016-03-21 2580 2592 2580 2580 0
2016-03-22 2508 2580 2508 2508 2
2016-03-23 2508 2508 2508 2508 0
2016-03-24 2508 2508 2508 2508 2
2016-03-25 2508 2508 2508 2513 0
2016-03-28 2508 2508 2508 2513 2
2016-03-29 2508 2508 2508 2513 0
2016-03-30 2508 2508 2508 2513 2
2016-03-31 2508 2508 2508 2513 0
2016-04-01 2508 2508 2508 2513 2
2016-04-05 2475 2475 2430 2430 6
2016-04-06 2533 2593 2533 2555 12
2016-04-07 2533 2593 2533 2564 0
2016-04-08 2533 2593 2533 2564 12
2016-04-11 2533 2593 2533 2566 0
2016-04-12 2533 2593 2533 2566 12
2016-04-13 2533 2593 2533 2566 0
2016-04-14 2688 2688 2523 2632 0
2016-04-15 2688 2688 2523 2632 12
2016-04-18 2737 2738 2523 2738 12
2016-04-19 2848 2848 2737 2821 62
2016-04-20 2897 2897 2746 2861 78
2016-04-21 2969 2978 2802 2978 12
2016-04-22 3076 3090 2934 2951 124
2016-04-25 3122 3122 2934 3040 22
2016-04-26 3083 3122 2964 3100 6
2016-04-27 2988 3177 2988 3100 12
2016-04-29 2560 2750 2560 2655 0
2016-05-03 2767 2767 2560 2767 2
2016-05-04 2767 2767 2767 2767 0
2016-05-05 2767 2767 2767 2767 2
2016-05-06 2657 2767 2657 2657 0
2016-05-09 2657 2657 2657 2657 2
2016-05-10 2657 2657 2657 2657 0
2016-05-11 2557 2759 2557 2663 18
2016-05-12 2747 2759 2557 2684 6
2016-05-13 2747 2747 2684 2710 0
2016-05-16 2605 2808 2605 2677 6
2016-05-17 2649 2790 2649 2689 4
2016-05-18 2649 2790 2649 2689 0
2016-05-19 2790 2790 2649 2759 4
2016-05-20 2790 2790 2759 2775 0
2016-05-23 2790 2790 2759 2775 4
2016-05-24 2790 2790 2759 2775 0
2016-05-25 3175 3373 3175 2707 14
2016-05-26 3175 3373 3175 2707 0
2016-05-27 3175 3373 3175 2707 14
2016-05-30 3175 3373 3175 2707 0
2016-06-01 2554 2761 2554 2658 0
2016-06-02 2554 2761 2554 2658 4
2016-06-03 2554 2761 2554 2658 0
2016-06-06 2554 2761 2554 2658 4
2016-06-07 2554 2761 2554 2658 0
2016-06-08 2554 2761 2554 2658 4
2016-06-13 2525 2786 2525 2676 28
2016-06-14 2560 2745 2560 2677 162
2016-06-15 2591 2723 2591 2687 100
2016-06-16 2718 2723 2591 2710 4
2016-06-17 2756 2756 2636 2680 12
2016-06-20 2720 2756 2636 2692 4
2016-06-21 2755 2755 2654 2708 6
2016-06-22 2600 2725 2600 2701 64
2016-06-23 2682 2714 2682 2696 16
2016-06-24 2658 2721 2658 2661 12
2016-06-27 2662 2788 2572 2750 210
2016-06-28 2744 2808 2572 2732 214
2016-06-29 2778 2830 2744 2781 24
2016-06-30 2774 2858 2774 2838 42
2016-07-01 2829 2858 2774 2852 32
2016-07-04 2880 2953 2880 2927 84
2016-07-05 2914 2953 2865 2884 46
2016-07-06 2801 2832 2801 2832 18
2016-07-07 2877 2877 2788 2809 28
2016-07-08 2780 2877 2751 2786 18
2016-07-11 2771 2842 2771 2807 12
2016-07-12 2771 2842 2771 2771 2
2016-07-13 2818 2818 2771 2777 8
2016-07-14 2818 2818 2771 2793 0
2016-07-15 2818 2818 2771 2793 8
2016-07-18 2844 2844 2844 2844 2
2016-07-19 2844 2844 2772 2809 8
2016-07-20 2844 2844 2772 2809 0
2016-07-21 2768 2847 2768 2809 8
2016-07-22 2768 2847 2768 2804 6
2016-07-25 2778 2790 2777 2790 6
2016-07-26 2778 2790 2777 2782 0
2016-07-27 2778 2790 2777 2782 6
2016-07-28 2778 2790 2777 2782 0
2016-07-29 2876 2876 2777 2805 26
2016-08-01 2839 2876 2805 2839 6
2016-08-02 2839 2839 2839 2839 0
2016-08-03 2842 2895 2802 2827 28
2016-08-04 2920 2920 2771 2800 66
2016-08-05 2786 2920 2771 2793 34
2016-08-08 2810 2810 2786 2810 2
2016-08-09 2742 2810 2742 2752 16
2016-08-10 2742 2777 2742 2763 0
2016-08-11 2740 2777 2736 2763 16
2016-08-12 2751 2759 2736 2758 8
2016-08-15 2732 2759 2732 2732 2
2016-08-16 2737 2754 2732 2754 4
2016-08-17 2737 2754 2737 2746 0
2016-08-18 2724 2754 2710 2721 46
2016-08-19 2730 2756 2708 2719 16
2016-08-22 2720 2756 2708 2719 12
2016-08-23 2720 2720 2719 2720 0
2016-08-24 2718 2720 2701 2701 20
2016-08-25 2698 2718 2698 2698 2
2016-08-26 2697 2704 2697 2704 6
2016-08-29 2706 2710 2697 2710 6
2016-08-30 2767 2767 2694 2716 10
2016-08-31 2767 2767 2694 2718 0
2016-09-01 2692 2767 2673 2673 12
2016-09-02 2692 2692 2673 2688 0
2016-09-05 2631 2692 2631 2680 24
2016-09-06 2650 2680 2631 2660 4
2016-09-07 2632 2669 2632 2660 20
2016-09-08 2604 2604 2604 2604 2
2016-09-09 2604 2604 2604 2634 0
2016-09-12 2650 2713 2604 2713 14
2016-09-13 2780 2780 2606 2704 54
2016-09-14 2685 2780 2606 2685 2
2016-09-19 2685 2685 2685 2685 2
2016-09-20 2685 2685 2685 2685 0
2016-09-21 2503 2561 2461 2490 12
2016-09-22 2503 2503 2478 2497 0
2016-09-26 2528 2528 2462 2503 4
2016-09-27 2528 2528 2503 2516 0
2016-09-28 2529 2562 2498 2498 22
2016-09-29 2481 2562 2481 2482 6
2016-09-30 2481 2482 2481 2481 0
2016-10-11 2711 2788 2711 2731 40
2016-10-12 2504 2505 2493 2504 2
2016-10-13 2504 2504 2504 2504 0
2016-10-14 2504 2504 2504 2504 2
2016-10-17 2522 2530 2504 2517 6
2016-10-18 2523 2530 2517 2523 2
2016-10-19 2523 2523 2523 2523 0
2016-10-20 2566 2566 2501 2501 10
2016-10-21 2624 2624 2501 2529 8
2016-10-24 2510 2613 2508 2561 54
2016-10-27 2640 2700 2586 2683 40
2016-10-28 2716 2739 2635 2739 24
