date open high low close volume
2016-01-04 1911 1924 1866 1870 683492
2016-01-05 1868 1885 1854 1883 950922
2016-01-06 1883 1886 1859 1872 945564
2016-01-07 1867 1902 1864 1893 1155884
2016-01-08 1893 1913 1885 1909 990160
2016-01-11 1910 1918 1888 1895 787338
2016-01-12 1895 1922 1885 1898 1381250
2016-01-13 1898 1928 1877 1886 1794782
2016-01-14 1889 1914 1878 1909 1360570
2016-01-15 1909 1922 1903 1910 1167196
2016-01-18 1902 1983 1900 1974 1804450
2016-01-19 1973 1976 1954 1962 1312468
2016-01-20 1956 1972 1944 1957 1199604
2016-01-21 1955 1960 1936 1944 1116288
2016-01-22 1945 1973 1943 1965 1003374
2016-01-25 1968 1978 1950 1954 876910
2016-01-26 1955 1969 1946 1959 645746
2016-01-27 1962 1968 1949 1964 771944
2016-01-28 1965 1985 1956 1963 1224576
2016-01-29 1965 1965 1929 1932 948928
2016-02-01 1930 1961 1930 1952 665332
2016-02-02 1948 1963 1942 1962 520216
2016-02-03 1959 1966 1951 1958 400924
2016-02-04 1959 1960 1940 1945 471340
2016-02-05 1946 1948 1913 1921 428712
2016-02-15 1901 1925 1892 1893 364630
2016-02-16 1895 1923 1893 1913 724918
2016-02-17 1914 1927 1897 1900 739154
2016-02-18 1900 1913 1895 1904 650750
2016-02-19 1904 1911 1880 1897 937312
2016-02-22 1896 1932 1891 1929 895464
2016-02-23 1930 1940 1914 1918 766174
2016-02-24 1919 1927 1882 1884 901272
2016-02-25 1885 1891 1873 1880 906360
2016-02-26 1884 1893 1861 1870 799178
2016-02-29 1871 1884 1824 1836 1112942
2016-03-01 1838 1851 1829 1848 837200
2016-03-02 1854 1874 1848 1859 977998
2016-03-03 1860 1892 1855 1887 1015976
2016-03-04 1884 1912 1882 1909 993140
2016-03-07 1913 1974 1912 1965 1753242
2016-03-08 1965 1998 1919 1927 1423306
2016-03-09 1930 1947 1910 1930 776928
2016-03-10 1935 1951 1896 1897 971216
2016-03-11 1899 1925 1878 1915 757268
2016-03-14 1918 1940 1914 1915 359046
2016-03-15 1914 1926 1896 1898 469436
2016-03-16 1894 1902 1881 1885 357976
2016-03-17 1885 1914 1875 1912 555088
2016-03-18 1918 1948 1906 1939 1197182
2016-03-21 1937 1945 1914 1926 905496
2016-03-22 1927 1988 1926 1975 1868526
2016-03-23 1975 2010 1968 1977 2027936
2016-03-24 1970 2026 1960 2009 2707410
2016-03-25 2000 2035 1999 2012 2954438
2016-03-28 2015 2031 1986 1990 2196130
2016-03-29 1988 2014 1978 1981 2040738
2016-03-30 1982 1996 1968 1984 1663068
2016-03-31 1990 1994 1938 1943 1627472
2016-04-01 1943 1961 1934 1946 1378382
2016-04-05 1861 1892 1842 1885 59554
2016-04-06 1967 1980 1948 1955 1209004
2016-04-07 1950 1972 1947 1961 847298
2016-04-08 1964 1975 1947 1952 908954
2016-04-11 1956 1999 1956 1984 1506566
2016-04-12 1986 2026 1981 2025 1780190
2016-04-13 2033 2083 2028 2050 2503406
2016-04-14 2054 2098 2047 2070 1836596
2016-04-15 2068 2081 2056 2065 1326138
2016-04-18 2056 2112 2044 2098 1705114
2016-04-19 2098 2116 2089 2110 1433626
2016-04-20 2118 2187 2118 2185 2701274
2016-04-21 2171 2251 2159 2251 1745276
2016-04-22 2242 2296 2124 2137 2321266
2016-04-25 2140 2214 2110 2139 2430788
2016-04-26 2143 2207 2131 2181 2683854
2016-04-27 2190 2216 2156 2192 2425692
2016-04-28 2198 2202 2132 2160 1894680
2016-04-29 2161 2209 2147 2151 2054066
2016-05-03 2120 2120 2025 2120 618
2016-05-04 2224 2237 2164 2192 2297164
2016-05-05 2185 2249 2179 2217 3215484
2016-05-06 2240 2251 2148 2176 3074180
2016-05-09 2180 2224 2159 2204 2674340
2016-05-10 2195 2202 2121 2174 2872132
2016-05-11 2188 2272 2151 2272 2103536
2016-05-12 2286 2337 2241 2300 3196446
2016-05-13 2300 2316 2220 2240 2967822
2016-05-16 2235 2281 2194 2272 3007292
2016-05-17 2264 2332 2260 2329 2467054
2016-05-18 2329 2404 2320 2363 3996630
2016-05-19 2364 2391 2335 2383 3707676
2016-05-20 2372 2409 2344 2409 3671050
2016-05-23 2430 2443 2326 2347 4171576
2016-05-24 2351 2353 2259 2259 3080588
2016-05-25 2231 2278 2203 2253 3338440
2016-05-26 2269 2352 2259 2346 4129700
2016-05-27 2351 2365 2286 2341 4230252
2016-05-30 2330 2436 2323 2436 4843350
2016-05-31 2440 2460 2412 2426 3367126
2016-06-01 2423 2453 2371 2399 4473308
2016-06-02 2398 2520 2386 2498 4632422
2016-06-03 2507 2556 2481 2553 4176714
2016-06-06 2570 2578 2526 2567 3651898
2016-06-07 2568 2603 2541 2581 4226136
2016-06-08 2573 2590 2538 2590 3385966
2016-06-13 2669 2694 2640 2694 968006
2016-06-14 2721 2781 2627 2655 4870246
2016-06-15 2669 2731 2643 2712 5904132
2016-06-16 2730 2740 2607 2620 5676760
2016-06-17 2621 2660 2584 2657 4368494
2016-06-20 2662 2696 2642 2684 3696476
2016-06-21 2677 2711 2652 2661 4044748
2016-06-22 2629 2675 2603 2675 3445900
2016-06-23 2655 2692 2613 2635 4167636
2016-06-24 2634 2694 2624 2632 6092828
2016-06-27 2619 2742 2612 2738 4043722
2016-06-28 2730 2814 2718 2814 3766696
2016-06-29 2850 2877 2775 2818 4740962
2016-06-30 2814 2895 2803 2889 4387536
2016-07-01 2882 2972 2840 2908 4322182
2016-07-04 2900 3003 2894 2930 4055120
2016-07-05 2932 2944 2798 2814 4144514
2016-07-06 2805 2853 2710 2724 4949224
2016-07-07 2690 2755 2630 2630 3729152
2016-07-08 2639 2646 2507 2528 3866298
2016-07-11 2546 2595 2501 2540 4255516
2016-07-12 2544 2591 2512 2579 4565966
2016-07-13 2576 2688 2563 2688 5063136
2016-07-14 2710 2754 2675 2702 3395364
2016-07-15 2706 2711 2578 2578 2535116
2016-07-18 2560 2598 2522 2538 2132296
2016-07-19 2533 2606 2524 2589 2917416
2016-07-20 2577 2584 2460 2517 3588336
2016-07-21 2510 2568 2470 2554 2936482
2016-07-22 2555 2584 2439 2450 3264174
2016-07-25 2438 2476 2416 2458 2316252
2016-07-26 2464 2492 2435 2485 2195534
2016-07-27 2473 2537 2468 2492 2318196
2016-07-28 2512 2544 2474 2492 2195550
2016-07-29 2485 2539 2464 2474 2133200
2016-08-01 2483 2531 2479 2509 1459944
2016-08-02 2500 2511 2425 2466 1579688
2016-08-03 2460 2492 2448 2469 1158120
2016-08-04 2482 2485 2406 2453 1227374
2016-08-05 2316 2375 2307 2370 1475170
2016-08-08 2367 2406 2354 2357 1450448
2016-08-09 2361 2403 2346 2384 1541746
2016-08-10 2375 2446 2365 2442 1834610
2016-08-11 2436 2447 2403 2408 1465870
2016-08-12 2407 2427 2378 2390 1502164
2016-08-15 2381 2442 2338 2431 1866548
2016-08-16 2427 2463 2410 2419 1891252
2016-08-17 2422 2433 2399 2412 1446296
2016-08-18 2417 2444 2353 2359 2080200
2016-08-19 2360 2368 2289 2309 2157718
2016-08-22 2308 2336 2297 2325 1279528
2016-08-23 2321 2354 2306 2312 1293212
2016-08-24 2318 2326 2273 2278 1600962
2016-08-25 2279 2324 2261 2319 1805816
2016-08-26 2322 2328 2281 2294 1910288
2016-08-29 2305 2318 2268 2280 1554290
2016-08-30 2276 2290 2260 2268 1161526
2016-08-31 2270 2277 2226 2236 1208624
2016-09-01 2227 2233 2181 2214 1642392
2016-09-02 2214 2244 2202 2209 1299828
2016-09-05 2220 2233 2175 2185 1352306
2016-09-06 2190 2227 2181 2223 1150760
2016-09-07 2220 2275 2213 2266 1588302
2016-09-08 2268 2282 2253 2273 1173352
2016-09-09 2274 2282 2250 2262 924080
2016-09-12 2260 2311 2240 2270 1341938
2016-09-13 2277 2294 2245 2258 1246682
2016-09-14 2249 2254 2203 2221 1033886
2016-09-19 2259 2295 2253 2290 641914
2016-09-20 2289 2309 2276 2305 1125170
2016-09-21 2311 2335 2300 2308 1126184
2016-09-22 2310 2329 2269 2276 1479178
2016-09-23 2288 2294 2235 2241 1202412
2016-09-26 2242 2253 2218 2223 939856
2016-09-27 2219 2229 2190 2200 986652
2016-09-28 2204 2210 2182 2203 749026
2016-09-29 2201 2235 2197 2214 786738
2016-09-30 2214 2226 2152 2171 988838
2016-10-10 2168 2180 2121 2148 497364
2016-10-11 2147 2176 2145 2170 826084
2016-10-12 2171 2196 2132 2144 1175786
2016-10-13 2150 2174 2124 2135 1067380
2016-10-14 2144 2185 2121 2174 1179544
2016-10-17 2178 2221 2175 2219 1404292
2016-10-18 2223 2233 2196 2228 1032548
2016-10-19 2219 2239 2181 2195 1093024
2016-10-20 2192 2257 2187 2253 1162624
2016-10-21 2256 2269 2228 2266 1222936
2016-10-24 2270 2287 2244 2286 1009808
2016-10-25 2289 2297 2251 2259 1120800
2016-10-26 2261 2297 2234 2291 1448778
2016-10-27 2291 2358 2280 2351 1685326
2016-10-28 2338 2361 2330 2340 1024464
