date open high low close volume
2016-01-04 3930 4002 3852 3914 146
2016-01-05 3917 4044 3880 3948 218
2016-01-06 3915 3986 3915 3957 28
2016-01-07 3985 3986 3915 3957 18
2016-01-08 3918 3935 3864 3906 58
2016-01-11 3909 3935 3864 3883 14
2016-01-12 3801 3878 3801 3878 6
2016-01-13 3900 3900 3846 3871 18
2016-01-14 3871 3999 3839 3888 56
2016-01-15 3893 3999 3839 3869 10
2016-01-18 3893 3893 3869 3880 0
2016-01-19 3885 3893 3858 3872 18
2016-01-20 3875 3892 3858 3882 8
2016-01-21 3875 3882 3875 3879 0
2016-01-22 3935 3935 3875 3916 78
2016-01-25 3941 3942 3879 3879 12
2016-01-26 3924 3942 3879 3924 2
2016-01-27 3925 3935 3883 3920 38
2016-01-28 4000 4000 3903 3927 116
2016-01-29 4000 4000 3903 3944 0
2016-02-01 3906 3916 3906 3916 8
2016-02-02 3906 3916 3906 3911 0
2016-02-03 3906 3916 3906 3906 8
2016-02-04 3869 3920 3869 3920 6
2016-02-05 3878 3902 3878 3885 8
2016-02-15 3878 3902 3878 3888 8
2016-02-16 3898 3913 3881 3881 12
2016-02-17 3899 3913 3870 3890 8
2016-02-18 3903 3936 3870 3913 22
2016-02-23 4050 4050 3802 3935 22
2016-02-24 3919 4050 3802 3927 12
2016-02-25 3897 3927 3891 3892 6
2016-03-01 3928 3928 3892 3928 4
2016-03-02 3928 3928 3928 3928 0
2016-03-03 3897 3928 3897 3897 4
2016-03-04 3949 3957 3877 3898 14
2016-03-07 3892 3993 3892 3961 54
2016-03-08 3939 4050 3871 4001 158
2016-03-09 3905 3962 3905 3957 16
2016-03-10 4039 4039 3941 3965 32
2016-03-11 3936 4010 3936 3993 12
2016-03-14 3983 3990 3958 3960 28
2016-03-15 3996 3996 3927 3932 36
2016-03-16 3908 3996 3908 3935 32
2016-03-21 3924 3945 3913 3935 92
2016-03-22 3935 3945 3924 3945 36
2016-03-23 3939 3978 3939 3948 58
2016-03-24 3889 3937 3887 3921 46
2016-03-25 3923 4012 3900 3999 1018
2016-03-28 3986 3998 3972 3973 54
2016-03-29 3973 3973 3920 3958 32
2016-03-30 3940 3973 3920 3946 8
2016-03-31 3930 3946 3902 3915 48
2016-04-01 3910 3931 3886 3931 88
2016-04-05 3979 3979 3886 3931 88
2016-04-06 3920 3979 3911 3928 40
2016-04-07 3911 3958 3909 3910 28
2016-04-08 3887 3910 3887 3900 16
2016-04-11 3903 3982 3887 3930 44
2016-04-12 3907 3959 3907 3913 42
2016-04-13 3907 4021 3907 3970 230
2016-04-14 3935 4021 3907 3933 114
2016-04-15 3930 3948 3886 3911 114
2016-04-18 3929 3935 3899 3925 154
2016-04-19 3913 3929 3878 3904 146
2016-04-20 3927 4012 3905 3914 800
2016-04-21 3958 4117 3958 4052 2716
2016-04-22 4024 4050 3898 3948 1364
2016-04-25 3951 3965 3920 3941 416
2016-04-26 3974 4030 3888 3950 1426
2016-04-27 3951 3966 3935 3950 430
2016-04-28 3943 3965 3931 3948 388
2016-04-29 3954 3954 3942 3952 338
2016-05-03 3975 3995 3941 3958 540
2016-05-04 3964 3969 3945 3956 276
2016-05-05 3958 3974 3947 3971 516
2016-05-06 3949 3950 3908 3947 312
2016-05-09 3957 3988 3941 3967 414
2016-05-10 3950 3972 3942 3959 174
2016-05-11 3991 4055 3978 3985 1866
2016-05-12 3970 4009 3961 3983 554
2016-05-13 3963 3974 3902 3915 564
2016-05-16 3911 3940 3910 3933 218
2016-05-17 3940 3946 3930 3946 140
2016-05-18 3960 3992 3942 3942 504
2016-05-19 3941 3965 3918 3930 210
2016-05-20 3824 3932 3824 3929 216
2016-05-23 3918 3978 3851 3948 656
2016-05-24 3929 4000 3924 3999 696
2016-05-26 4171 4265 4161 4206 248
2016-05-27 4027 4054 4011 4039 350
2016-05-30 4059 4128 4051 4100 672
2016-05-31 4069 4123 4041 4075 492
2016-06-01 4039 4167 4039 4146 416
2016-06-02 4168 4280 4144 4268 674
2016-06-03 4360 4367 4223 4247 698
2016-06-06 4247 4268 4183 4205 368
2016-06-07 4235 4235 4168 4204 272
2016-06-08 4200 4248 4175 4195 160
2016-06-13 4195 4276 4172 4195 554
2016-06-14 4171 4225 4100 4155 700
2016-06-15 4164 4225 4133 4168 272
2016-06-16 4140 4154 4119 4129 92
2016-06-17 4148 4177 4119 4177 118
2016-06-20 4178 4178 4135 4150 56
2016-06-21 4139 4178 4128 4150 58
2016-06-22 4199 4219 4136 4159 54
2016-06-23 4131 4154 4129 4133 38
2016-06-24 4109 4158 4095 4131 28
2016-06-27 4131 4268 4078 4212 196
2016-06-28 4201 4215 4180 4210 90
2016-06-29 4179 4200 4163 4166 124
2016-06-30 4106 4292 4035 4292 192
2016-07-01 4210 4287 4210 4287 6
2016-07-04 4210 4287 4210 4251 0
2016-07-05 4210 4287 4210 4190 6
2016-07-06 4210 4287 4210 4180 0
2016-07-07 4100 4287 4070 4070 12
2016-07-08 4070 4070 4070 4070 34
2016-07-11 4070 4070 4070 4070 0
2016-07-12 4070 4070 4070 4070 34
2016-07-13 4070 4070 4070 4080 0
2016-07-14 4070 4070 4070 4080 34
2016-07-15 4070 4070 4070 4215 0
2016-07-19 4274 4287 4167 4258 102
2016-07-20 4256 4256 4200 4240 32
2016-07-21 4251 4296 4074 4127 558
2016-07-22 4048 4157 4048 4157 164
2016-07-25 4154 4157 4048 4138 38
2016-07-26 4084 4153 4084 4150 230
2016-07-27 4127 4153 4084 4148 56
2016-07-28 4153 4209 4141 4189 20
2016-07-29 4188 4209 4116 4161 22
2016-08-01 4204 4204 4116 4198 10
2016-08-02 4102 4184 4102 4181 42
2016-08-05 4115 4115 4115 4119 2
2016-08-08 4122 4115 4115 4122 0
2016-08-09 4160 4169 4065 4115 42
2016-08-10 4160 4169 4065 4115 0
2016-08-11 4101 4169 4065 4094 42
2016-08-12 4052 4123 4019 4101 20
2016-08-17 4127 4175 3969 4131 36
2016-08-18 4217 4305 4100 4305 50
2016-08-19 4410 4410 4261 4261 54
2016-08-22 4261 4443 4261 4399 12
2016-08-23 4338 4443 4259 4259 4
2016-08-25 4299 4338 4259 4299 4
2016-08-26 4299 4299 4299 4299 2
2016-08-29 4275 4299 4265 4265 6
2016-08-30 4275 4275 4265 4272 0
2016-08-31 4275 4275 4265 4272 6
2016-09-01 4275 4275 4265 4272 0
2016-09-02 4275 4275 4265 4272 6
2016-09-05 4275 4275 4265 4272 0
2016-09-06 4275 4275 4265 4272 6
2016-09-07 4275 4275 4265 4272 0
2016-09-08 4275 4275 4265 4272 6
2016-09-09 4275 4275 4265 4272 0
2016-09-12 4275 4275 4265 4272 6
2016-09-13 4275 4275 4265 4272 0
2016-09-14 4275 4275 4265 4272 6
