date open high low close volume
2016-01-04 5663 5696 5585 5613 943326
2016-01-05 5603 5621 5580 5599 1026492
2016-01-06 5590 5600 5530 5545 1355252
2016-01-07 5539 5573 5492 5530 1440974
2016-01-08 5534 5578 5526 5559 1120572
2016-01-11 5568 5576 5465 5470 1525062
2016-01-12 5466 5480 5444 5451 1124232
2016-01-13 5455 5488 5416 5465 1547032
2016-01-14 5478 5480 5429 5456 1227242
2016-01-15 5449 5476 5420 5421 1310750
2016-01-18 5417 5495 5409 5481 1468948
2016-01-19 5485 5535 5462 5519 1275412
2016-01-20 5517 5535 5465 5471 1125852
2016-01-21 5471 5487 5431 5441 1304794
2016-01-22 5453 5508 5445 5474 1213904
2016-01-25 5488 5507 5431 5435 1200984
2016-01-26 5432 5454 5417 5444 1161134
2016-01-27 5455 5473 5384 5462 2032138
2016-01-28 5452 5460 5423 5431 1181924
2016-01-29 5430 5448 5382 5387 1360650
2016-02-01 5394 5409 5357 5370 1177322
2016-02-02 5369 5386 5356 5384 912770
2016-02-03 5385 5408 5371 5387 934140
2016-02-04 5391 5430 5363 5411 884834
2016-02-05 5409 5433 5392 5433 456816
2016-02-15 5430 5460 5393 5399 404998
2016-02-16 5400 5416 5346 5353 1163378
2016-02-17 5355 5361 5306 5311 1157668
2016-02-18 5309 5342 5306 5310 747904
2016-02-19 5318 5359 5297 5354 1098380
2016-02-22 5348 5365 5318 5346 930636
2016-02-23 5348 5393 5340 5385 982674
2016-02-24 5400 5452 5399 5434 1398460
2016-02-25 5428 5442 5408 5411 718494
2016-02-26 5411 5443 5409 5420 816604
2016-02-29 5425 5438 5320 5338 1376758
2016-03-01 5459 5477 5427 5466 357152
2016-03-02 5474 5510 5439 5478 470668
2016-03-03 5473 5508 5457 5460 377292
2016-03-04 5460 5517 5460 5488 554868
2016-03-07 5494 5582 5451 5452 840362
2016-03-08 5450 5486 5405 5407 897738
2016-03-09 5408 5482 5372 5474 954718
2016-03-10 5481 5493 5409 5420 1000506
2016-03-11 5427 5481 5418 5475 833168
2016-03-14 5480 5511 5440 5473 1298434
2016-03-15 5480 5506 5451 5477 1065162
2016-03-16 5470 5494 5462 5490 719380
2016-03-17 5487 5542 5481 5538 1148902
2016-03-18 5544 5591 5535 5564 1237550
2016-03-21 5562 5606 5536 5592 938632
2016-03-22 5592 5628 5578 5618 946506
2016-03-23 5616 5645 5583 5588 855762
2016-03-24 5588 5608 5556 5579 878302
2016-03-25 5553 5608 5540 5605 778744
2016-03-28 5610 5625 5583 5586 715464
2016-03-29 5594 5621 5551 5557 858720
2016-03-30 5555 5585 5548 5577 502874
2016-03-31 5590 5590 5553 5575 564416
2016-04-01 5573 5622 5561 5610 891094
2016-04-05 5440 5486 5425 5482 27034
2016-04-06 5630 5638 5596 5607 622166
2016-04-07 5605 5629 5602 5623 532826
2016-04-08 5620 5623 5556 5571 786452
2016-04-11 5568 5601 5561 5561 724882
2016-04-12 5555 5584 5546 5561 602662
2016-04-13 5562 5627 5562 5575 1248080
2016-04-14 5574 5624 5563 5621 861088
2016-04-15 5625 5674 5575 5615 1360326
2016-04-18 5625 5725 5609 5691 1780296
2016-04-19 5695 5720 5659 5676 1230276
2016-04-20 5679 5710 5656 5695 1634604
2016-04-21 5701 5775 5683 5716 2406604
2016-04-22 5723 5743 5497 5573 2004002
2016-04-25 5598 5646 5573 5592 953158
2016-04-26 5604 5631 5589 5622 727424
2016-04-27 5625 5632 5604 5615 562438
2016-04-28 5613 5619 5523 5527 840838
2016-04-29 5530 5552 5491 5503 861382
2016-05-03 5398 5438 5394 5430 432
2016-05-04 5569 5647 5555 5637 1160782
2016-05-05 5641 5655 5622 5644 766260
2016-05-06 5657 5667 5556 5588 947732
2016-05-09 5595 5607 5542 5561 717704
2016-05-10 5555 5593 5535 5584 904290
2016-05-11 5590 5595 5549 5576 882128
2016-05-12 5605 5663 5579 5629 1229060
2016-05-13 5622 5631 5559 5583 875316
2016-05-16 5581 5603 5568 5582 695002
2016-05-17 5576 5599 5561 5569 608852
2016-05-18 5563 5576 5500 5505 1407574
2016-05-19 5497 5538 5484 5493 661138
2016-05-20 5515 5521 5475 5475 712072
2016-05-23 5489 5536 5464 5530 1119966
2016-05-24 5515 5525 5491 5497 510120
2016-05-25 5495 5508 5432 5471 1005048
2016-05-26 5465 5522 5460 5518 583378
2016-05-27 5528 5550 5502 5519 479996
2016-05-30 5516 5560 5503 5557 555842
2016-05-31 5558 5583 5533 5573 587866
2016-06-01 5567 5579 5500 5515 514372
2016-06-02 5513 5531 5507 5520 303086
2016-06-03 5538 5683 5532 5676 1243836
2016-06-06 5675 5732 5622 5724 1148220
2016-06-07 5716 5720 5652 5659 765546
2016-06-08 5682 5696 5659 5666 507536
2016-06-13 5700 5808 5688 5759 775136
2016-06-14 5763 5783 5730 5742 566254
2016-06-15 5730 5741 5663 5709 691694
2016-06-16 5722 5800 5700 5732 1135770
2016-06-17 5745 5784 5692 5781 887040
2016-06-20 5795 5864 5766 5833 1415938
2016-06-21 5828 5859 5801 5811 689472
2016-06-22 5781 5799 5757 5793 581282
2016-06-23 5790 5814 5762 5766 612490
2016-06-24 5778 5787 5701 5705 775476
2016-06-27 5700 5815 5700 5781 574230
2016-06-28 5777 5867 5775 5833 704630
2016-06-29 5850 5880 5819 5841 663472
2016-06-30 5883 6090 5883 6090 1571808
2016-07-01 6090 6095 5953 5984 1384552
2016-07-04 6010 6170 6005 6074 1539478
2016-07-05 6068 6088 5889 5978 924152
2016-07-06 6001 6064 5902 5971 1169134
2016-07-07 5900 5961 5881 5885 704970
2016-07-08 5903 5916 5758 5784 939852
2016-07-11 5785 5848 5755 5821 614046
2016-07-12 5850 5956 5833 5924 766158
2016-07-13 5900 5940 5847 5907 738184
2016-07-14 5930 5968 5819 5878 618678
2016-07-15 5938 5948 5860 5897 569010
2016-07-18 5879 5887 5811 5850 487106
2016-07-19 5840 5914 5836 5902 634520
2016-07-20 6270 6288 6224 6247 297568
2016-07-21 6234 6260 6197 6245 241168
2016-07-22 6274 6310 6206 6216 500774
2016-07-25 6214 6248 6188 6228 296744
2016-07-26 6249 6282 6200 6233 445984
2016-07-27 6185 6218 6162 6190 446172
2016-07-28 6162 6202 6122 6124 562064
2016-07-29 6134 6156 6090 6105 615812
2016-08-01 6124 6187 6124 6157 495070
2016-08-02 6151 6192 6127 6134 449460
2016-08-03 6159 6176 6130 6136 445162
2016-08-04 6130 6163 6049 6070 814612
2016-08-05 6070 6131 6061 6103 534676
2016-08-08 6114 6177 6100 6151 578340
2016-08-09 6176 6191 6140 6152 380422
2016-08-10 6159 6176 6089 6116 585082
2016-08-11 6120 6131 6045 6064 540792
2016-08-12 6067 6081 6056 6065 269442
2016-08-15 6072 6127 6070 6106 429298
2016-08-16 6110 6145 6095 6121 379890
2016-08-17 6130 6183 6124 6162 480306
2016-08-18 6142 6157 6107 6149 401588
2016-08-19 6155 6248 6150 6238 722294
2016-08-22 6220 6271 6206 6242 569348
2016-08-23 6256 6298 6246 6292 573464
2016-08-24 6288 6292 6254 6276 438936
2016-08-25 6278 6278 6186 6230 650228
2016-08-26 6257 6257 6202 6233 375542
2016-08-29 6229 6254 6190 6242 467328
2016-08-30 6236 6287 6233 6261 557162
2016-08-31 6260 6263 6200 6230 458194
2016-09-01 6200 6246 6191 6204 710328
2016-09-02 6199 6210 6142 6187 783886
2016-09-05 6239 6268 6224 6252 528680
2016-09-06 6250 6261 6232 6242 240660
2016-09-07 6210 6265 6202 6251 415000
2016-09-08 6275 6280 6215 6227 366804
2016-09-09 6216 6240 6213 6231 284864
2016-09-12 6220 6250 6203 6230 582376
2016-09-13 6225 6336 6214 6320 916920
2016-09-14 6327 6330 6293 6323 411292
2016-09-19 6478 6480 6414 6437 420710
2016-09-20 6452 6464 6419 6432 458706
2016-09-21 6437 6487 6405 6412 741928
2016-09-22 6421 6527 6394 6473 951404
2016-09-23 6511 6523 6463 6499 575378
2016-09-26 6514 6625 6491 6610 757894
2016-09-27 6615 6693 6610 6673 990304
2016-09-28 6665 6721 6638 6710 728650
2016-09-29 6700 6765 6676 6698 855612
2016-09-30 6705 6723 6657 6716 561144
2016-10-10 6710 6732 6668 6730 418016
2016-10-11 6720 6730 6622 6658 811784
2016-10-12 6657 6714 6638 6693 607166
2016-10-13 6681 6767 6666 6735 801556
2016-10-14 6737 6749 6709 6740 483696
2016-10-17 6734 6814 6697 6786 745778
2016-10-18 6786 6803 6747 6796 484076
2016-10-19 6782 6797 6702 6725 745516
2016-10-20 6731 6747 6702 6715 426500
2016-10-21 6685 6724 6675 6714 563680
2016-10-24 6716 6905 6710 6877 1032168
2016-10-25 6890 6904 6859 6900 588108
2016-10-26 6896 6931 6828 6890 746248
2016-10-27 6886 6910 6851 6858 508508
2016-10-28 6865 6886 6788 6819 806850
