date open high low close volume
2016-01-04 4490 4516 4432 4440 852296
2016-01-05 4448 4498 4436 4488 1181148
2016-01-06 4480 4504 4444 4468 864752
2016-01-07 4436 4460 4410 4424 947844
2016-01-08 4420 4440 4388 4428 994430
2016-01-11 4424 4444 4378 4382 850118
2016-01-12 4388 4406 4240 4248 1583248
2016-01-13 4262 4302 4240 4254 1184310
2016-01-14 4262 4280 4220 4262 1131228
2016-01-15 4258 4298 4244 4254 979332
2016-01-18 4202 4268 4200 4250 1452992
2016-01-19 4260 4346 4240 4328 1780936
2016-01-20 4330 4336 4258 4264 1421512
2016-01-21 4268 4314 4260 4284 1417192
2016-01-22 4286 4362 4284 4346 1760480
2016-01-25 4362 4376 4330 4344 1163732
2016-01-26 4330 4338 4298 4318 884036
2016-01-27 4332 4354 4322 4348 921222
2016-01-28 4346 4360 4316 4316 818428
2016-01-29 4330 4380 4324 4368 1571794
2016-02-01 4374 4392 4342 4342 834632
2016-02-02 4338 4356 4320 4342 753192
2016-02-03 4336 4352 4302 4326 856580
2016-02-04 4330 4402 4322 4398 953682
2016-02-05 4388 4420 4372 4408 616648
2016-02-15 4392 4440 4382 4438 517974
2016-02-16 4450 4458 4418 4434 648234
2016-02-17 4422 4430 4400 4402 677950
2016-02-18 4420 4450 4414 4424 678604
2016-02-19 4430 4466 4408 4448 847260
2016-02-22 4446 4482 4430 4448 1067234
2016-02-23 4460 4486 4430 4438 851440
2016-02-24 4448 4454 4410 4426 641700
2016-02-25 4416 4460 4406 4428 823974
2016-02-26 4432 4436 4332 4362 1035412
2016-02-29 4372 4420 4360 4386 949478
2016-03-01 4394 4564 4394 4564 2124126
2016-03-02 4578 4586 4518 4552 1511548
2016-03-03 4546 4626 4538 4572 1617252
2016-03-04 4576 4644 4562 4620 1710068
2016-03-07 4622 4790 4622 4758 1968968
2016-03-08 4770 4808 4652 4704 1693058
2016-03-09 4744 4744 4588 4668 1344430
2016-03-10 4686 4714 4602 4608 1206348
2016-03-11 4610 4648 4606 4628 800410
2016-03-14 4636 4686 4592 4592 969738
2016-03-15 4578 4600 4556 4566 699296
2016-03-16 4552 4614 4526 4584 981772
2016-03-17 4584 4662 4578 4642 821882
2016-03-18 4636 4760 4636 4710 1292402
2016-03-21 4724 4736 4662 4664 711984
2016-03-22 4682 4728 4656 4692 765366
2016-03-23 4688 4734 4656 4664 725500
2016-03-24 4652 4660 4520 4522 829996
2016-03-25 4522 4606 4504 4598 504238
2016-03-28 4608 4690 4600 4656 624950
2016-03-29 4674 4700 4642 4674 402882
2016-03-30 4804 4818 4750 4768 959088
2016-03-31 4782 4864 4782 4854 1490922
2016-04-01 4866 4944 4834 4896 2476834
2016-04-06 4730 4788 4730 4762 920024
2016-04-07 4754 4806 4742 4746 890842
2016-04-08 4726 4726 4662 4710 1155680
2016-04-11 4744 4800 4732 4754 1460308
2016-04-12 4770 4796 4712 4750 1180484
2016-04-13 4760 4882 4752 4816 2526478
2016-04-14 4820 4932 4798 4924 2067814
2016-04-15 4950 4990 4818 4822 2771784
2016-04-18 4792 4848 4750 4804 1979856
2016-04-19 4828 4868 4762 4816 1891542
2016-04-20 4824 4926 4818 4890 2710890
2016-04-21 4880 5064 4850 5064 2770726
2016-04-22 5100 5102 4816 4930 2306180
2016-04-25 4950 5144 4944 5126 4321300
2016-04-26 5128 5204 5050 5098 3076212
2016-04-27 5112 5212 5066 5120 2723468
2016-04-28 5142 5158 4998 5024 2267214
2016-04-29 5052 5070 5008 5012 1312560
2016-05-03 4706 4808 4706 4806 8970
2016-05-04 4930 4972 4914 4936 1094780
2016-05-05 4960 4970 4870 4872 1130160
2016-05-06 4916 4928 4790 4816 1450626
2016-05-09 4812 4860 4736 4774 1221092
2016-05-10 4746 4776 4712 4746 799810
2016-05-11 4748 4794 4744 4758 953968
2016-05-12 4774 4774 4682 4692 1539222
2016-05-13 4702 4728 4580 4630 1499282
2016-05-16 4628 4676 4606 4642 843676
2016-05-17 4658 4734 4648 4732 1034240
2016-05-18 4714 4748 4672 4686 824340
2016-05-19 4684 4696 4612 4618 815152
2016-05-20 4608 4670 4594 4634 537988
2016-05-23 4642 4642 4500 4544 1111752
2016-05-24 4534 4564 4506 4516 528288
2016-05-25 4538 4550 4496 4520 694134
2016-05-26 4530 4572 4504 4550 851578
2016-05-27 4560 4582 4508 4514 862984
2016-05-30 4508 4558 4504 4544 725696
2016-05-31 4550 4644 4546 4600 1113264
2016-06-01 4600 4626 4520 4532 803784
2016-06-02 4528 4582 4510 4546 591106
2016-06-03 4536 4690 4528 4672 1179744
2016-06-06 4672 4712 4642 4690 698338
2016-06-07 4708 4726 4656 4672 564952
2016-06-08 4684 4724 4650 4692 671202
2016-06-13 4664 4680 4620 4664 461082
2016-06-14 4650 4754 4648 4720 1081924
2016-06-15 4728 4736 4646 4668 940990
2016-06-16 4668 4716 4660 4672 754780
2016-06-17 4660 4710 4626 4708 854784
2016-06-20 4712 4800 4704 4790 1437836
2016-06-21 4798 4808 4684 4688 1161942
2016-06-22 4672 4746 4660 4740 790440
2016-06-23 4740 4794 4728 4758 867372
2016-06-24 4778 4820 4684 4688 1446440
2016-06-27 4700 4794 4690 4788 952096
2016-06-28 4754 4828 4746 4796 1415024
2016-06-29 4818 4862 4770 4786 1595220
2016-06-30 4790 4858 4772 4844 1507730
2016-07-01 4822 4860 4780 4788 1160734
2016-07-04 4786 4946 4768 4912 2349118
2016-07-05 4914 4954 4796 4852 1697614
2016-07-06 4846 4886 4672 4752 1784008
2016-07-07 4728 4780 4714 4716 867098
2016-07-08 4734 4752 4612 4624 1363874
2016-07-11 4642 4668 4620 4644 964094
2016-07-12 4664 4704 4646 4692 918000
2016-07-13 4718 4764 4682 4686 1243682
2016-07-14 4698 4708 4650 4684 905636
2016-07-15 4696 4718 4652 4676 838880
2016-07-18 4698 4712 4620 4626 811218
2016-07-19 4612 4660 4594 4630 581840
2016-07-20 4632 4660 4610 4632 552002
2016-07-21 4626 4736 4616 4726 1083174
2016-07-22 4714 4732 4666 4688 749328
2016-07-25 4696 4714 4636 4660 671608
2016-07-26 4648 4656 4598 4600 618992
2016-07-27 4588 4644 4586 4602 500236
2016-07-28 4606 4640 4596 4602 653638
2016-07-29 4602 4622 4496 4500 991484
2016-08-01 4510 4596 4506 4562 598166
2016-08-02 4560 4572 4530 4552 345344
2016-08-03 4568 4644 4568 4624 712460
2016-08-04 4634 4652 4586 4608 554920
2016-08-05 4772 4804 4758 4770 628198
2016-08-08 4778 4808 4728 4782 756560
2016-08-09 4796 4860 4754 4842 1082134
2016-08-10 4842 4852 4808 4830 657266
2016-08-11 4840 4858 4788 4840 760582
2016-08-12 4842 4890 4838 4866 1020640
2016-08-15 4858 4880 4830 4870 776474
2016-08-16 4874 4876 4826 4850 694528
2016-08-17 4854 4940 4852 4916 1951556
2016-08-18 4916 4922 4866 4890 998444
2016-08-19 4902 4930 4884 4894 816932
2016-08-22 4896 4898 4772 4780 1231212
2016-08-23 4772 4810 4772 4796 479600
2016-08-24 4800 4828 4780 4782 654404
2016-08-25 4784 4816 4740 4806 979744
2016-08-26 4806 4840 4776 4796 629760
2016-08-29 4816 4818 4768 4792 698732
2016-08-30 4784 4810 4756 4760 589448
2016-08-31 4768 4784 4720 4738 736364
2016-09-01 4736 4778 4718 4774 746262
2016-09-02 4760 4826 4752 4818 761810
2016-09-05 4830 4858 4800 4840 740014
2016-09-06 4848 4862 4822 4848 530834
2016-09-07 4838 4858 4804 4812 595762
2016-09-08 4814 4886 4798 4870 1215526
2016-09-09 4870 4896 4852 4858 844052
2016-09-12 4850 4864 4766 4776 1097376
2016-09-13 4776 4798 4752 4758 468886
2016-09-14 4752 4782 4742 4756 551506
2016-09-19 4740 4794 4740 4788 369716
2016-09-20 4790 4810 4752 4762 735756
2016-09-21 4762 4798 4722 4748 1005638
2016-09-22 4750 4802 4748 4764 863752
2016-09-23 4778 4790 4728 4776 917364
2016-09-26 4774 4786 4728 4728 660676
2016-09-27 4734 4768 4730 4736 712316
2016-09-28 4716 4742 4668 4714 1327058
2016-09-29 4720 4778 4696 4724 1186290
2016-09-30 4736 4742 4700 4706 578970
2016-10-10 4764 4770 4732 4750 581344
2016-10-11 4774 4840 4768 4830 1477630
2016-10-12 4830 4836 4778 4796 848720
2016-10-13 4800 4800 4720 4722 883794
2016-10-14 4736 4748 4708 4724 574798
2016-10-17 4726 4792 4720 4784 1187912
2016-10-18 4790 4820 4762 4806 1140506
2016-10-19 4798 4830 4770 4806 1365664
2016-10-20 4818 4942 4814 4904 3712396
2016-10-21 4884 4912 4824 4862 1709626
2016-10-24 4866 4918 4844 4912 1269946
2016-10-25 4910 4954 4876 4898 1820030
2016-10-26 4900 4910 4834 4876 1397526
2016-10-27 4856 4892 4844 4860 1003348
2016-10-28 4862 4920 4858 4900 1470730
