date open high low close volume
2016-01-04 2892 3002 2890 2917 9796
2016-01-05 2912 2916 2902 2911 10772
2016-01-06 2910 2916 2892 2916 8074
2016-01-07 2917 2932 2910 2919 11440
2016-01-08 2918 2925 2906 2924 8792
2016-01-11 2922 2923 2839 2887 19662
2016-01-12 2875 2894 2875 2890 7188
2016-01-13 2888 2890 2878 2884 9132
2016-01-14 2883 2896 2880 2891 6958
2016-01-15 2890 2892 2885 2891 2870
2016-01-18 2891 2896 2885 2896 5602
2016-01-19 2893 2916 2891 2892 8724
2016-01-20 2890 2893 2872 2888 5564
2016-01-21 2885 2892 2876 2881 6108
2016-01-22 2883 2889 2874 2885 4206
2016-01-25 2889 2891 2883 2887 2200
2016-01-26 2890 2897 2876 2880 6732
2016-01-27 2880 2885 2880 2881 2020
2016-01-28 2880 2883 2872 2876 2390
2016-01-29 2876 2880 2861 2875 4840
2016-02-01 2873 2886 2873 2883 3456
2016-02-02 2885 2886 2881 2885 1410
2016-02-03 2883 2889 2883 2887 3030
2016-02-04 2888 2893 2887 2889 3738
2016-02-05 2888 2892 2887 2888 2408
2016-02-15 2880 2893 2880 2888 1572
2016-02-16 2890 2890 2882 2885 1748
2016-02-17 2885 2892 2879 2881 5052
2016-02-18 2884 2888 2872 2885 3006
2016-02-19 2885 2891 2876 2881 4092
2016-02-22 2879 2890 2876 2887 3496
2016-02-23 2887 2887 2879 2881 3960
2016-02-24 2880 2886 2875 2885 3394
2016-02-25 2885 2889 2881 2883 4738
2016-02-26 2889 2889 2869 2880 13074
2016-02-29 2876 2941 2848 2887 27362
2016-03-01 2887 2899 2877 2878 12352
2016-03-02 2880 2890 2875 2887 4056
2016-03-03 2886 2895 2837 2845 15282
2016-03-04 2845 2854 2818 2845 9344
2016-03-07 2852 2881 2847 2856 7320
2016-03-08 2865 2874 2853 2854 6300
2016-03-09 2840 2858 2828 2855 2850
2016-03-10 2855 2855 2834 2841 3482
2016-03-11 2843 2855 2836 2850 2126
2016-03-14 2852 2872 2852 2864 2582
2016-03-15 2858 2870 2855 2870 1724
2016-03-16 2870 2876 2856 2856 6430
2016-03-17 2854 2857 2841 2852 4674
2016-03-18 2850 2850 2827 2829 5486
2016-03-21 2821 2844 2800 2842 9374
2016-03-22 2843 2845 2819 2835 2786
2016-03-23 2837 2840 2830 2838 2248
2016-03-24 2843 2844 2824 2844 3048
2016-03-25 2839 2849 2833 2842 2744
2016-03-28 2840 2860 2836 2853 2576
2016-03-29 2855 2909 2836 2898 7024
2016-03-30 2903 2930 2889 2908 3972
2016-03-31 2883 2906 2868 2903 4828
2016-04-01 2907 2928 2905 2920 2978
2016-04-05 2929 2952 2914 2949 4900
2016-04-06 2950 2970 2946 2959 8688
2016-04-07 2959 2976 2952 2976 2424
2016-04-08 2967 2995 2965 2992 4364
2016-04-11 2992 2996 2958 2971 3746
2016-04-12 2970 2970 2900 2900 4026
2016-04-13 2908 2921 2817 2819 11236
2016-04-14 2819 2875 2754 2770 11602
2016-04-15 2769 2791 2768 2786 4766
2016-04-18 2653 2681 2642 2661 1578
2016-04-19 2667 2680 2664 2671 680
2016-04-20 2678 2690 2661 2672 1610
2016-04-21 2671 2763 2671 2717 6706
2016-04-22 2702 2711 2680 2685 2098
2016-04-25 2681 2698 2676 2688 1614
2016-04-26 2697 2709 2677 2681 1208
2016-04-27 2686 2694 2679 2692 954
2016-04-28 2685 2689 2671 2675 1396
2016-04-29 2676 2692 2656 2665 1680
2016-05-03 2662 2694 2657 2689 1876
2016-05-04 2681 2698 2679 2689 1012
2016-05-05 2694 2698 2682 2687 1094
2016-05-06 2681 2688 2668 2685 2080
2016-05-09 2689 2695 2676 2686 1722
2016-05-10 2679 2698 2674 2686 2862
2016-05-11 2695 2711 2688 2711 4270
2016-05-12 2702 2709 2690 2697 3432
2016-05-13 2692 2692 2666 2682 3284
2016-05-16 2674 2688 2667 2687 1508
2016-05-17 2687 2692 2676 2678 966
2016-05-18 2678 2698 2677 2682 1496
2016-05-19 2679 2691 2661 2690 1922
2016-05-20 2688 2689 2681 2687 1010
2016-05-23 2687 2687 2672 2673 736
2016-05-24 2666 2666 2603 2640 3082
2016-05-25 2636 2637 2622 2631 742
2016-05-26 2640 2681 2628 2652 1546
2016-05-27 2650 2650 2633 2645 970
2016-05-30 2640 2671 2636 2668 1982
2016-05-31 2668 2677 2636 2674 1266
2016-06-01 2674 2677 2658 2658 768
2016-06-02 2672 2679 2664 2671 834
2016-06-03 2671 2678 2664 2667 922
2016-06-06 2679 2742 2676 2720 8460
2016-06-07 2720 2754 2708 2720 2442
2016-06-08 2722 2734 2709 2716 1332
2016-06-13 2726 2734 2693 2719 3982
2016-06-14 2717 2717 2702 2706 2236
2016-06-15 2699 2709 2666 2672 1402
2016-06-16 2665 2665 2625 2627 4306
2016-06-17 2621 2653 2620 2652 2412
2016-06-20 2665 2665 2633 2655 2530
2016-06-21 2656 2664 2648 2652 2684
2016-06-22 2648 2662 2643 2660 1238
2016-06-23 2662 2671 2652 2659 1570
2016-06-24 2652 2675 2648 2674 1226
2016-06-27 2679 2690 2668 2668 1252
2016-06-28 2667 2679 2656 2676 1222
2016-06-29 2674 2690 2667 2673 746
2016-06-30 2670 2679 2662 2671 2638
2016-07-01 2669 2669 2656 2659 716
2016-07-04 2663 2709 2621 2638 3172
2016-07-05 2643 2709 2603 2608 2948
2016-07-06 2597 2603 2575 2598 2130
2016-07-07 2612 2626 2581 2582 1504
2016-07-08 2569 2570 2545 2565 1506
2016-07-11 2578 2590 2568 2581 1640
2016-07-12 2588 2588 2578 2580 1502
2016-07-13 2588 2596 2580 2581 2264
2016-07-14 2581 2590 2576 2583 818
2016-07-15 2582 2598 2579 2585 828
2016-07-18 2585 2598 2578 2585 988
2016-07-19 2611 2630 2607 2614 900
2016-07-20 2615 2616 2605 2615 510
2016-07-21 2620 2628 2603 2622 1070
2016-07-22 2625 2628 2615 2616 534
2016-07-25 2616 2642 2616 2641 1960
2016-07-26 2640 2658 2639 2651 2088
2016-07-27 2659 2659 2635 2640 2258
2016-07-28 2640 2646 2611 2614 1464
2016-07-29 2612 2619 2592 2610 1498
2016-08-01 2605 2605 2582 2593 2780
2016-08-02 2590 2593 2576 2591 1410
2016-08-03 2590 2609 2587 2609 1370
2016-08-04 2620 2625 2606 2617 1656
2016-08-05 2621 2621 2602 2608 1022
2016-08-08 2612 2629 2611 2621 1210
2016-08-09 2625 2625 2613 2620 504
2016-08-10 2622 2637 2613 2617 1424
2016-08-11 2612 2618 2598 2600 1232
2016-08-12 2610 2610 2593 2607 714
2016-08-15 2611 2630 2602 2628 1214
2016-08-16 2624 2643 2621 2629 1012
2016-08-17 2627 2648 2621 2636 962
2016-08-18 2635 2648 2634 2635 1266
2016-08-19 2634 2646 2631 2638 1190
2016-08-22 2639 2652 2632 2637 1052
2016-08-23 2636 2641 2621 2631 1848
2016-08-24 2620 2634 2620 2634 794
2016-08-25 2635 2645 2624 2627 1068
2016-08-26 2624 2631 2622 2627 416
2016-08-29 2622 2626 2601 2602 1784
2016-08-30 2601 2608 2595 2595 1152
2016-08-31 2592 2605 2573 2589 2302
2016-09-01 2585 2600 2585 2593 750
2016-09-02 2597 2602 2593 2594 1028
2016-09-05 2596 2609 2594 2604 1092
2016-09-06 2608 2608 2599 2605 962
2016-09-07 2608 2613 2601 2609 1478
2016-09-08 2605 2619 2602 2614 2552
2016-09-09 2616 2632 2607 2621 4444
2016-09-12 2621 2648 2607 2641 4158
2016-09-13 2641 2671 2641 2665 4540
2016-09-14 2665 2677 2653 2676 2622
2016-09-19 2675 2697 2675 2695 2852
2016-09-20 2695 2700 2681 2693 1918
2016-09-21 2689 2698 2685 2687 1698
2016-09-22 2692 2720 2692 2713 3000
2016-09-23 2712 2729 2709 2726 2886
2016-09-26 2728 2744 2719 2738 2826
2016-09-27 2732 2737 2710 2719 3040
2016-09-28 2720 2722 2656 2678 5568
2016-09-29 2672 2686 2660 2681 3636
2016-09-30 2676 2714 2662 2701 2830
2016-10-10 2732 2739 2687 2726 1844
2016-10-11 2720 2740 2720 2731 1380
2016-10-12 2722 2779 2722 2760 4286
2016-10-13 2762 2767 2716 2760 3184
2016-10-14 2768 2772 2754 2763 3252
2016-10-17 2770 2780 2758 2770 2610
2016-10-18 2774 2780 2760 2775 2908
2016-10-19 2775 2789 2766 2782 1670
2016-10-20 2784 2804 2776 2791 2764
2016-10-21 2784 2795 2773 2775 1664
2016-10-24 2772 2790 2770 2790 1768
2016-10-25 2789 2790 2776 2781 1280
2016-10-26 2774 2798 2772 2796 2024
2016-10-27 2803 2803 2785 2790 1194
2016-10-28 2788 2798 2785 2792 804
